T,H2,H,O,O2,OH,H2O,HO2,H2O2,C,CH,CH2,CH2(S),CH3,CH4,CO,CO2,HCO,CH2O,CH2OH,CH3O,CH3OH,C2H,C2H2,C2H3,C2H4,C2H5,C2H6,HCCO,CH2CO,HCCOH,N,NH,NH2,NH3,NNH,NO,NO2,N2O,HNO,CN,HCN,H2CN,HCNN,HCNO,HOCN,HNCO,NCO,N2,AR,C3H7,C3H8,CH2CHO,CH3CHO,Z
2.910000e+02,1.000000e-60,1.000000e-60,1.000000e-60,2.328821e-01,1.000000e-60,1.000000e-60,1.000000e-60,1.000000e-60,1.000000e-60,1.000000e-60,1.000000e-60,1.000000e-60,1.000000e-60,1.000000e-60,1.000000e-60,1.000000e-60,1.000000e-60,1.000000e-60,1.000000e-60,1.000000e-60,1.000000e-60,1.000000e-60,1.000000e-60,1.000000e-60,1.000000e-60,1.000000e-60,1.000000e-60,1.000000e-60,1.000000e-60,1.000000e-60,1.000000e-60,1.000000e-60,1.000000e-60,1.000000e-60,1.000000e-60,1.000000e-60,1.000000e-60,1.000000e-60,1.000000e-60,1.000000e-60,1.000000e-60,1.000000e-60,1.000000e-60,1.000000e-60,1.000000e-60,1.000000e-60,1.000000e-60,7.671179e-01,1.000000e-60,1.000000e-60,1.000000e-60,1.000000e-60,1.000000e-60,0.000000e+00
3.671174e+02,5.858262e-06,2.589990e-12,1.024946e-07,2.260311e-01,6.975802e-08,3.934950e-03,3.750747e-06,1.772733e-06,4.957108e-32,2.247659e-23,2.147421e-14,3.402881e-16,1.304916e-09,1.082199e-05,1.064332e-03,3.198766e-03,5.535200e-13,1.040664e-06,2.020259e-14,1.550187e-09,2.958336e-07,2.728778e-24,6.523855e-09,2.166634e-16,1.173618e-07,9.588839e-13,1.900674e-08,9.083434e-14,3.236088e-07,1.743570e-10,3.671442e-18,1.671264e-16,1.929665e-13,4.659722e-12,1.012254e-19,7.398095e-09,1.268610e-08,1.563108e-08,1.589803e-12,6.588840e-24,1.392316e-09,9.637572e-14,1.929832e-23,4.082379e-11,2.525393e-12,6.258070e-10,4.295199e-12,7.657466e-01,1.000000e-60,2.306522e-13,1.383262e-10,1.363599e-12,2.899281e-08,1.143341e-02
4.413177e+02,1.166626e-05,3.136264e-11,3.182830e-07,2.192385e-01,2.172046e-07,7.835918e-03,8.200581e-06,3.285223e-06,4.752568e-29,2.055407e-21,1.574310e-13,4.204016e-15,5.242390e-09,2.155116e-05,2.119618e-03,6.369813e-03,3.897780e-12,2.077498e-06,1.327077e-13,6.293723e-09,5.892230e-07,7.549163e-22,1.299553e-08,3.542907e-15,2.339504e-07,4.535432e-12,3.785811e-08,7.627626e-13,6.450185e-07,3.472159e-10,1.219807e-17,1.668866e-15,4.074197e-13,9.280828e-12,6.072882e-18,1.621168e-08,2.299476e-08,3.112766e-08,3.252539e-12,1.103406e-21,2.772654e-09,1.907767e-13,1.110899e-21,8.129626e-11,5.029058e-12,1.246231e-09,8.886532e-12,7.643872e-01,1.000000e-60,7.380514e-13,2.755560e-10,1.469339e-11,5.822260e-08,2.276845e-02
5.127492e+02,1.736385e-05,1.871691e-10,7.252297e-07,2.125753e-01,4.987435e-07,1.166209e-02,1.328280e-05,4.572878e-06,7.020175e-27,5.406052e-20,6.710980e-13,2.586580e-14,1.464161e-08,3.207654e-05,3.154938e-03,9.479831e-03,1.551242e-11,3.103959e-06,5.239223e-13,1.437878e-08,8.770438e-07,3.739745e-20,1.935691e-08,2.542930e-14,3.488416e-07,1.441790e-11,5.637002e-08,3.263477e-12,9.616449e-07,5.167815e-10,3.717261e-17,8.586274e-15,6.538431e-13,1.381730e-11,1.073548e-16,2.638503e-08,3.076224e-08,4.632787e-08,5.025610e-12,3.632613e-20,4.126605e-09,2.785167e-13,1.940085e-20,1.209946e-10,7.484850e-12,1.854796e-09,1.390092e-11,7.630537e-01,1.000000e-60,1.669943e-12,4.104265e-10,7.826410e-11,8.759768e-08,3.388672e-02
5.808472e+02,2.290842e-05,8.020483e-10,1.432545e-06,2.060929e-01,1.005953e-06,1.538381e-02,1.894632e-05,5.661330e-06,4.390813e-25,8.170327e-19,2.305363e-12,1.142808e-13,3.373415e-08,4.231987e-05,4.162454e-03,1.250452e-02,4.806220e-11,4.117975e-06,1.681584e-12,2.542613e-08,1.156940e-06,7.190475e-19,2.558018e-08,1.220688e-13,4.616416e-07,3.912980e-11,7.442203e-08,1.037390e-11,1.272301e-06,6.817779e-10,1.141737e-16,3.109229e-14,9.466218e-13,1.823810e-11,9.979977e-16,3.780449e-08,3.598180e-08,6.111430e-08,6.984702e-12,4.972055e-19,5.443736e-09,3.513053e-13,2.056451e-19,1.596129e-10,9.873842e-12,2.446813e-09,1.951250e-11,7.617566e-01,1.000000e-60,3.152113e-12,5.422425e-10,2.932866e-10,1.171829e-07,4.470234e-02
6.454852e+02,2.828909e-05,2.818109e-09,2.597196e-06,1.998077e-01,1.890716e-06,1.899157e-02,2.514376e-05,6.572186e-06,1.663043e-23,8.969139e-18,7.048483e-12,4.133263e-13,6.835583e-08,5.226232e-05,5.139868e-03,1.543585e-02,1.284358e-10,5.125349e-06,4.779630e-12,3.810352e-08,1.428005e-06,7.651733e-18,3.169057e-08,4.598767e-13,5.728411e-07,9.596391e-11,9.200596e-08,2.792968e-11,1.578143e-06,8.418832e-10,3.493804e-16,9.055554e-14,1.306485e-12,2.253867e-11,6.232099e-15,5.036566e-08,3.875565e-08,7.544972e-08,9.269577e-12,3.964449e-18,6.720807e-09,3.984393e-13,1.662490e-18,1.970578e-10,1.219021e-11,3.020815e-09,2.596095e-11,7.604990e-01,1.000000e-60,5.211572e-12,6.713228e-10,8.630333e-10,1.473099e-07,5.518813e-02
7.067768e+02,3.351449e-05,8.623677e-09,4.450731e-06,1.937166e-01,3.403674e-06,2.248690e-02,3.178805e-05,7.320020e-06,4.466250e-22,7.928662e-17,1.996892e-11,1.306825e-12,1.261806e-07,6.192299e-05,6.088010e-03,1.827463e-02,3.111285e-10,6.138350e-06,1.247853e-11,5.014569e-08,1.690077e-06,5.486324e-17,3.776320e-08,1.476637e-12,6.836855e-07,2.166058e-10,1.091924e-07,6.781260e-11,1.882301e-06,9.974052e-10,1.052746e-15,2.276735e-13,1.762999e-12,2.673162e-11,2.965353e-14,6.396936e-08,3.924548e-08,8.934086e-08,1.209047e-11,2.213556e-17,7.958597e-09,4.132069e-13,1.127881e-17,2.333598e-10,1.443568e-11,3.577112e-09,3.355232e-11,7.592803e-01,1.000000e-60,7.648494e-12,7.988994e-10,2.094280e-09,1.785773e-07,6.534924e-02
7.649270e+02,3.860420e-05,2.354014e-08,7.331011e-06,1.878095e-01,5.939505e-06,2.587534e-02,3.869274e-05,7.910942e-06,9.037076e-21,5.875708e-16,5.318133e-11,3.737388e-12,2.167232e-07,7.134560e-05,7.009017e-03,2.102469e-02,7.024438e-10,7.174107e-06,3.048923e-11,5.944328e-08,1.943196e-06,2.976915e-16,4.392863e-08,4.231935e-12,7.961678e-07,4.524130e-10,1.261174e-07,1.534059e-10,2.189847e-06,1.149139e-09,3.084842e-15,5.133538e-13,2.356533e-12,3.084060e-11,1.146598e-13,7.848108e-08,3.769190e-08,1.028103e-07,1.570677e-11,9.629749e-17,9.159515e-09,4.013193e-13,6.638519e-17,2.686136e-10,1.661577e-11,4.116704e-09,4.264877e-11,7.580986e-01,1.000000e-60,9.967289e-12,9.272129e-10,4.303555e-09,2.118803e-07,7.520289e-02
8.201697e+02,4.358772e-05,5.781418e-08,1.172053e-05,1.820740e-01,1.008431e-05,2.916371e-02,4.553831e-05,8.341816e-06,1.404893e-19,3.698412e-15,1.335988e-10,9.844048e-12,3.512541e-07,8.060095e-05,7.905711e-03,2.369060e-02,1.502353e-09,8.254993e-06,7.043021e-11,6.535509e-08,2.187427e-06,1.313577e-15,5.039522e-08,1.112093e-11,9.132917e-07,8.758261e-10,1.430107e-07,3.290149e-10,2.508386e-06,1.298572e-09,8.678953e-15,1.061925e-12,3.139770e-12,3.490057e-11,3.729384e-13,9.370007e-08,3.444544e-08,1.158851e-07,2.038593e-11,3.480763e-16,1.032681e-08,3.790872e-13,3.414282e-16,3.029745e-10,1.873965e-11,4.640880e-09,5.366398e-11,7.569511e-01,1.000000e-60,1.166398e-11,1.059971e-09,7.634593e-09,2.485155e-07,8.477074e-02
8.727216e+02,4.850527e-05,1.284388e-07,1.826871e-05,1.764987e-01,1.663916e-05,3.235795e-02,5.189677e-05,8.601485e-06,1.693021e-18,1.986923e-14,3.163194e-10,2.408800e-11,5.424601e-07,8.979622e-05,8.781157e-03,2.627574e-02,3.070720e-09,9.411520e-06,1.544866e-10,6.865217e-08,2.422861e-06,4.935752e-15,5.748612e-08,2.722523e-11,1.039545e-06,1.573716e-09,1.602608e-07,6.747454e-10,2.848841e-06,1.448337e-09,2.315731e-14,2.044699e-12,4.176298e-12,3.896004e-11,1.043687e-12,1.093364e-07,2.998847e-08,1.285871e-07,2.635082e-11,1.087061e-15,1.146407e-08,3.612128e-13,1.534512e-15,3.366751e-10,2.082161e-11,5.150962e-09,6.704730e-11,7.558354e-01,1.000000e-60,1.277396e-11,1.203142e-09,1.190821e-08,2.903289e-07,9.407285e-02
9.227628e+02,5.341239e-05,2.599777e-07,2.777423e-05,1.710754e-01,2.659949e-05,3.546224e-02,5.733359e-05,8.674714e-06,1.601624e-17,9.167759e-14,7.052339e-10,5.500167e-11,8.042198e-07,9.909501e-05,9.638593e-03,2.878140e-02,6.024664e-09,1.068752e-05,3.221370e-10,7.050972e-08,2.649984e-06,1.629956e-14,6.569982e-08,6.274009e-11,1.181711e-06,2.635069e-09,1.785411e-07,1.328481e-09,3.226433e-06,1.603007e-09,5.807430e-14,3.702077e-12,5.536415e-12,4.308630e-11,2.561431e-12,1.250267e-07,2.490565e-08,1.409273e-07,3.374401e-11,3.006421e-15,1.257532e-08,3.530476e-13,6.040627e-15,3.700680e-10,2.288453e-11,5.648305e-09,8.325883e-11,7.547497e-01,1.000000e-60,1.392763e-11,1.366316e-09,1.668463e-08,3.399352e-07,1.031256e-01
9.704490e+02,5.838898e-05,4.838540e-07,4.110387e-05,1.657968e-01,4.107922e-05,3.847984e-02,6.154440e-05,8.549047e-06,1.211536e-16,3.669146e-13,1.482090e-09,1.176314e-10,1.152168e-06,1.087507e-04,1.048182e-02,3.120730e-02,1.137525e-08,1.214584e-05,6.388995e-10,7.186636e-08,2.870641e-06,4.846558e-14,7.580581e-08,1.372827e-10,1.350151e-06,4.145809e-09,1.990236e-07,2.517221e-09,3.661948e-06,1.770264e-09,1.362274e-13,6.350804e-12,7.291997e-12,4.737365e-11,5.610093e-12,1.403952e-07,1.979409e-08,1.529060e-07,4.263071e-11,7.488558e-15,1.366585e-08,3.530983e-13,2.096517e-14,4.036925e-10,2.496462e-11,6.134630e-09,1.027345e-10,7.536920e-01,1.000000e-60,1.587082e-11,1.564991e-09,2.155501e-08,4.010435e-07,1.119443e-01
1.015931e+03,6.355121e-05,8.360724e-07,5.904910e-05,1.606553e-01,6.119376e-05,4.141432e-02,6.444808e-05,8.222553e-06,7.493704e-16,1.290563e-12,2.946710e-09,2.368578e-10,1.605985e-06,1.191518e-04,1.131568e-02,3.355239e-02,2.072053e-08,1.387396e-05,1.207337e-09,7.340253e-08,3.089565e-06,1.324732e-13,8.899335e-08,2.877695e-10,1.560681e-06,6.209493e-09,2.237118e-07,4.602626e-09,4.183603e-06,1.962442e-09,2.986040e-13,1.038166e-11,9.514102e-12,5.195341e-11,1.114069e-11,1.551335e-07,1.514636e-08,1.645137e-07,5.304094e-11,1.702089e-14,1.474330e-08,3.582685e-13,6.481120e-14,4.383434e-10,2.711478e-11,6.612500e-09,1.258496e-10,7.526602e-01,1.000000e-60,1.927094e-11,1.824395e-09,2.643624e-08,4.789652e-07,1.205477e-01
1.059314e+03,6.905993e-05,1.353248e-06,8.212640e-05,1.556456e-01,8.790074e-05,4.426817e-02,6.618916e-05,7.710393e-06,3.876924e-15,4.046282e-12,5.573322e-09,4.520398e-10,2.193558e-06,1.308704e-04,1.214576e-02,3.581353e-02,3.651193e-08,1.598972e-05,2.181010e-09,7.571830e-08,3.316104e-06,3.388404e-13,1.070928e-07,5.830556e-10,1.837157e-06,9.003669e-09,2.559337e-07,8.146733e-09,4.829427e-06,2.198322e-09,6.124320e-13,1.623600e-11,1.227361e-11,5.700069e-11,2.032895e-11,1.690462e-07,1.126862e-08,1.757202e-07,6.501203e-11,3.567371e-14,1.581797e-08,3.664296e-13,1.805616e-13,4.750984e-10,2.940268e-11,7.085375e-09,1.528675e-10,7.516521e-01,1.000000e-60,2.495890e-11,2.185760e-09,3.165239e-08,5.813418e-07,1.289535e-01
1.100601e+03,7.512079e-05,2.066301e-06,1.103289e-04,1.507720e-01,1.217705e-04,4.703866e-02,6.707118e-05,7.049031e-06,1.710713e-14,1.145319e-11,1.008686e-08,8.234320e-10,2.956427e-06,1.447073e-04,1.297709e-02,3.798228e-02,6.238198e-08,1.864710e-05,3.781916e-09,7.945308e-08,3.565742e-06,8.220792e-13,1.328844e-07,1.150237e-09,2.214741e-06,1.287031e-08,3.010659e-07,1.399796e-08,5.649444e-06,2.505029e-09,1.177662e-12,2.434221e-11,1.564161e-11,6.273460e-11,3.443870e-11,1.820405e-07,8.265712e-09,1.864544e-07,7.858573e-11,6.947737e-14,1.690192e-08,3.767615e-13,4.582973e-13,5.152799e-10,3.190130e-11,7.557202e-09,1.838581e-10,7.506670e-01,1.000000e-60,3.431553e-11,2.716435e-09,3.783980e-08,7.190556e-07,1.371671e-01
1.139696e+03,8.198161e-05,2.993271e-06,1.429284e-04,1.460512e-01,1.627517e-04,4.971703e-02,6.746950e-05,6.294767e-06,6.545182e-14,2.959565e-11,1.756971e-08,1.441353e-09,3.957426e-06,1.617474e-04,1.381351e-02,4.004448e-02,1.035321e-07,2.204697e-05,6.325186e-09,8.534894e-08,3.861251e-06,1.908752e-12,1.705573e-07,2.220193e-09,2.744590e-06,1.844938e-08,3.677042e-07,2.339887e-08,6.708119e-06,2.920261e-09,2.129235e-12,3.501965e-11,1.969269e-11,6.941868e-11,5.459659e-11,1.940926e-07,6.081899e-09,1.966004e-07,9.376606e-11,1.264560e-13,1.800885e-08,3.895419e-13,1.070245e-12,5.604004e-10,3.467578e-11,8.032317e-09,2.186443e-10,7.497061e-01,1.000000e-60,4.979770e-11,3.527304e-09,4.584994e-08,9.074729e-07,1.451786e-01
1.176488e+03,8.992519e-05,4.133129e-06,1.784206e-04,1.415044e-01,2.100020e-04,5.229254e-02,6.775974e-05,5.514562e-06,2.202067e-13,7.049791e-11,2.961005e-08,2.439092e-09,5.290635e-06,1.834216e-04,1.465817e-02,4.198421e-02,1.671685e-07,2.645158e-05,1.025648e-08,9.430339e-08,4.233066e-06,4.260542e-12,2.263291e-07,4.201575e-09,3.500094e-06,2.687623e-08,4.695386e-07,3.810666e-08,8.086197e-06,3.494470e-09,3.634186e-12,4.837170e-11,2.451065e-11,7.736126e-11,8.152897e-11,2.052184e-07,4.567608e-09,2.060189e-07,1.104592e-10,2.161215e-13,1.915491e-08,4.059853e-13,2.319608e-12,6.120905e-10,3.777033e-11,8.515825e-09,2.568061e-10,7.487712e-01,1.000000e-60,7.577930e-11,4.801993e-09,5.672361e-08,1.167860e-06,1.529745e-01
1.210879e+03,9.925215e-05,5.462985e-06,2.146432e-04,1.371549e-01,2.618465e-04,5.475438e-02,6.827743e-05,4.771698e-06,6.595271e-13,1.561059e-10,4.849833e-08,4.009971e-09,7.093786e-06,2.115722e-04,1.551331e-02,4.378609e-02,2.629303e-07,3.220130e-05,1.620245e-08,1.074731e-07,4.718905e-06,9.149368e-12,3.092731e-07,7.791593e-09,4.585485e-06,4.009238e-08,6.284988e-07,6.050444e-08,9.881616e-06,4.292832e-09,5.890338e-12,6.420912e-11,3.019380e-11,8.691171e-11,1.153412e-10,2.154349e-07,3.550288e-09,2.145663e-07,1.284202e-10,3.483362e-13,2.035811e-08,4.285288e-13,4.701989e-12,6.719731e-10,4.119642e-11,9.013351e-09,2.977017e-10,7.478635e-01,1.000000e-60,1.199917e-10,6.847233e-09,7.172926e-08,1.528891e-06,1.605428e-01
1.242741e+03,1.102367e-04,6.935909e-06,2.489592e-04,1.330328e-01,3.157523e-04,5.708818e-02,6.930650e-05,4.114302e-06,1.773565e-12,3.231038e-10,7.738659e-08,6.421091e-09,9.558037e-06,2.484573e-04,1.637819e-02,4.543374e-02,4.028138e-07,3.971315e-05,2.500301e-08,1.263795e-07,5.361988e-06,1.884112e-11,4.320503e-07,1.410943e-08,6.143772e-06,6.129796e-08,8.794227e-07,9.357926e-08,1.220387e-05,5.393972e-09,9.129562e-12,8.198738e-11,3.684295e-11,9.843059e-11,1.553114e-10,2.247224e-07,2.880540e-09,2.220988e-07,1.471925e-10,5.312035e-13,2.163418e-08,4.614414e-13,8.960902e-12,7.413724e-10,4.491864e-11,9.529431e-09,3.403921e-10,7.469856e-01,1.000000e-60,1.957473e-10,1.017109e-08,9.236567e-08,2.026837e-06,1.678622e-01
1.271877e+03,1.230466e-04,8.480066e-06,2.785696e-04,1.291797e-01,3.684076e-04,5.927324e-02,7.106751e-05,3.569398e-06,4.295979e-12,6.258104e-10,1.201826e-07,1.000416e-08,1.292428e-05,2.965739e-04,1.724647e-02,4.690969e-02,5.996307e-07,4.943212e-05,3.765800e-08,1.529068e-07,6.205827e-06,3.692711e-11,6.106534e-07,2.477606e-08,8.355389e-06,9.545219e-08,1.275272e-06,1.405294e-07,1.515438e-05,6.879462e-09,1.361770e-11,1.007776e-10,4.452333e-11,1.122152e-10,1.997314e-10,2.330161e-07,2.446682e-09,2.284900e-07,1.660726e-10,7.678076e-13,2.299002e-08,5.116920e-13,1.607740e-11,8.208217e-10,4.884170e-11,1.006516e-08,3.835233e-10,7.461427e-01,1.000000e-60,3.246119e-10,1.557958e-08,1.201837e-07,2.701747e-06,1.748906e-01
1.298072e+03,1.376735e-04,1.000624e-05,3.010412e-04,1.256427e-01,4.161613e-04,6.128518e-02,7.369571e-05,3.143274e-06,9.371535e-12,1.132203e-09,1.810073e-07,1.510762e-08,1.746358e-05,3.583623e-04,1.810584e-02,4.819908e-02,8.637031e-07,6.174734e-05,5.514176e-08,1.892062e-07,7.286875e-06,6.823719e-11,8.627088e-07,4.182537e-08,1.142504e-05,1.496616e-07,1.891902e-06,2.039459e-07,1.879992e-05,8.814928e-09,1.964273e-11,1.193686e-10,5.322351e-11,1.284195e-10,2.460160e-10,2.402352e-07,2.172228e-09,2.336651e-07,1.841801e-10,1.052982e-12,2.441854e-08,5.900960e-13,2.712286e-11,9.096745e-10,5.281487e-11,1.061677e-08,4.253506e-10,7.453416e-01,1.000000e-60,5.387039e-10,2.427847e-08,1.564442e-07,3.589750e-06,1.815699e-01
1.321161e+03,1.538810e-04,1.142248e-05,3.148941e-04,1.224629e-01,4.557437e-04,6.310186e-02,7.720820e-05,2.827133e-06,1.839059e-11,1.907514e-09,2.630454e-07,2.199625e-08,2.342787e-05,4.357017e-04,1.893940e-02,4.929491e-02,1.198070e-06,7.686451e-05,7.806695e-08,2.373569e-07,8.623936e-06,1.178400e-10,1.203379e-06,6.730072e-08,1.554589e-05,2.329217e-07,2.827406e-06,2.846329e-07,2.314076e-05,1.122261e-08,2.744895e-11,1.364889e-10,6.281325e-11,1.469708e-10,2.911217e-10,2.463278e-07,2.006658e-09,2.376340e-07,2.006154e-10,1.371887e-12,2.589584e-08,7.117345e-13,4.292200e-11,1.005901e-09,5.665451e-11,1.117535e-08,4.639441e-10,7.445898e-01,1.000000e-60,8.799705e-10,3.790218e-08,2.015822e-07,4.710620e-06,1.878390e-01
1.341093e+03,1.712202e-04,1.265144e-05,3.199255e-04,1.196655e-01,4.849802e-04,6.470860e-02,8.149156e-05,2.605094e-06,3.248463e-11,2.986985e-09,3.671353e-07,3.072840e-08,3.098509e-05,5.294411e-04,1.972883e-02,5.020060e-02,1.594571e-06,9.470237e-05,1.063205e-07,2.989035e-07,1.020991e-05,1.891194e-10,1.640329e-06,1.025853e-07,2.085286e-05,3.549062e-07,4.193527e-06,3.806688e-07,2.809403e-05,1.406087e-08,3.710639e-11,1.510780e-10,7.303116e-11,1.675408e-10,3.321580e-10,2.512997e-07,1.916993e-09,2.404954e-07,2.146494e-10,1.701895e-12,2.738331e-08,8.944583e-13,6.362543e-11,1.106326e-09,6.018109e-11,1.172815e-08,4.975370e-10,7.438933e-01,1.000000e-60,1.394388e-09,5.841307e-08,2.547881e-07,6.056868e-06,1.936464e-01
1.357989e+03,1.891386e-04,1.364561e-05,3.171344e-04,1.172498e-01,5.032304e-04,6.610441e-02,8.633053e-05,2.459607e-06,5.189572e-11,4.353116e-09,4.909942e-07,4.109047e-08,4.017385e-05,6.392888e-04,2.045944e-02,5.093136e-02,2.034310e-06,1.148951e-04,1.389410e-07,3.744766e-07,1.201231e-05,2.819800e-10,2.170736e-06,1.478263e-07,2.739038e-05,5.240567e-07,6.100511e-06,4.875261e-07,3.351085e-05,1.722830e-08,4.838674e-11,1.625162e-10,8.353270e-11,1.896242e-10,3.670271e-10,2.552301e-07,1.881096e-09,2.424189e-07,2.258917e-10,2.018364e-12,2.883745e-08,1.154739e-12,8.846908e-11,1.207410e-09,6.326269e-11,1.226223e-08,5.249512e-10,7.432547e-01,1.000000e-60,2.121860e-09,8.786662e-08,3.140324e-07,7.592508e-06,1.989708e-01
1.372124e+03,2.071160e-04,1.439016e-05,3.082203e-04,1.151900e-01,5.112103e-04,6.730183e-02,9.147027e-05,2.374708e-06,7.565362e-11,5.933284e-09,6.296136e-07,5.263449e-08,5.090426e-05,7.641397e-04,2.112322e-02,5.151048e-02,2.492544e-06,1.369056e-04,1.743325e-07,4.637246e-07,1.398300e-05,3.924671e-10,2.782484e-06,2.018310e-07,3.511538e-05,7.459947e-07,8.643761e-06,5.992603e-07,3.921754e-05,2.059199e-08,6.074381e-11,1.706618e-10,9.396765e-11,2.126756e-10,3.946852e-10,2.582521e-07,1.883872e-09,2.436025e-07,2.343123e-10,2.300661e-12,3.022043e-08,1.502340e-12,1.159063e-10,1.306086e-09,6.583533e-11,1.276762e-08,5.457693e-10,7.426723e-01,1.000000e-60,3.086956e-09,1.281660e-07,3.765821e-07,9.263145e-06,2.038266e-01
1.383840e+03,2.247273e-04,1.489442e-05,2.950324e-04,1.134475e-01,5.104343e-04,6.832066e-02,9.666715e-05,2.337318e-06,1.017409e-10,7.615719e-09,7.762727e-07,6.477016e-08,6.297875e-05,9.023872e-04,2.171788e-02,5.196323e-02,2.944104e-06,1.601364e-04,2.106063e-07,5.653744e-07,1.606754e-05,5.137648e-10,3.457265e-06,2.623517e-07,4.391460e-05,1.022574e-06,1.189357e-05,7.098053e-07,4.504639e-05,2.401572e-08,7.340258e-11,1.757189e-10,1.040275e-10,2.361879e-10,4.149721e-10,2.605151e-07,1.915035e-09,2.442316e-07,2.401320e-10,2.535036e-12,3.150410e-08,1.935845e-12,1.439708e-10,1.400066e-09,6.789270e-11,1.323789e-08,5.601957e-10,7.421420e-01,1.000000e-60,4.293171e-09,1.808442e-07,4.395663e-07,1.100760e-05,2.082488e-01
1.393493e+03,2.416724e-04,1.518266e-05,2.792190e-04,1.119790e-01,5.027158e-04,6.918387e-02,1.017219e-04,2.337010e-06,1.276574e-10,9.276552e-09,9.238646e-07,7.688281e-08,7.613357e-05,1.052270e-03,2.224560e-02,5.231353e-02,3.367864e-06,1.840313e-04,2.459497e-07,6.774734e-07,1.821394e-05,6.380034e-10,4.174594e-06,3.266193e-07,5.363397e-05,1.351914e-06,1.589156e-05,8.140349e-07,5.085770e-05,2.738256e-08,8.553056e-11,1.780890e-10,1.134775e-10,2.597482e-10,4.283451e-10,2.621632e-07,1.967528e-09,2.444608e-07,2.437081e-10,2.715145e-12,3.267177e-08,2.441517e-12,1.707178e-10,1.487926e-09,6.946907e-11,1.367011e-08,5.688501e-10,7.416581e-01,1.000000e-60,5.722891e-09,2.469480e-07,5.004542e-07,1.276869e-05,2.122836e-01
1.401419e+03,2.577773e-04,1.528566e-05,2.620633e-04,1.107415e-01,4.898002e-04,6.991455e-02,1.064930e-04,2.365599e-06,1.510564e-10,1.080500e-08,1.066039e-06,8.843222e-08,9.008898e-05,1.212216e-03,2.271149e-02,5.258216e-02,3.748997e-06,2.081456e-04,2.788870e-07,7.977590e-07,2.037910e-05,7.579502e-10,4.915433e-06,3.918902e-07,6.411248e-05,1.729404e-06,2.065630e-05,9.082991e-07,5.655058e-05,3.060688e-08,9.640291e-11,1.782418e-10,1.221676e-10,2.830642e-10,4.355974e-10,2.633230e-07,2.036574e-09,2.444092e-07,2.454361e-10,2.840709e-12,3.371733e-08,2.996033e-12,1.945637e-10,1.569021e-09,7.062062e-11,1.406420e-08,5.725468e-10,7.412144e-01,1.000000e-60,7.342929e-09,3.270882e-07,5.573358e-07,1.450050e-05,2.159826e-01
1.407916e+03,2.729671e-04,1.523464e-05,2.444724e-04,1.096964e-01,4.731730e-04,7.053387e-02,1.108921e-04,2.416741e-06,1.701630e-10,1.211746e-08,1.197773e-06,9.900038e-08,1.045833e-04,1.381012e-03,2.312198e-02,5.278614e-02,4.078885e-06,2.321633e-04,3.083684e-07,9.239473e-07,2.253078e-05,8.679432e-10,5.664066e-06,4.557861e-07,7.520413e-05,2.148893e-06,2.619195e-05,9.904058e-07,6.206081e-05,3.363424e-08,1.054916e-10,1.766274e-10,1.300192e-10,3.059550e-10,4.376297e-10,2.640985e-07,2.119036e-09,2.441636e-07,2.456845e-10,2.915361e-12,3.464240e-08,3.570970e-12,2.144247e-10,1.643260e-09,7.140998e-11,1.442196e-08,5.721210e-10,7.408050e-01,1.000000e-60,9.111455e-09,4.215629e-07,6.089524e-07,1.617009e-05,2.193966e-01
1.413229e+03,2.872326e-04,1.505797e-05,2.270428e-04,1.088108e-01,4.540128e-04,7.106000e-02,1.148706e-04,2.485552e-06,1.839203e-10,1.316085e-08,1.315459e-06,1.082967e-07,1.193873e-04,1.557821e-03,2.348372e-02,5.293885e-02,4.353819e-06,2.558802e-04,3.337390e-07,1.053882e-06,2.464646e-05,9.641105e-10,6.408416e-06,5.164147e-07,8.678591e-05,2.603563e-06,3.249501e-05,1.059322e-06,6.735230e-05,3.643504e-08,1.124817e-10,1.736367e-10,1.370051e-10,3.283229e-10,4.353144e-10,2.645714e-07,2.212935e-09,2.437849e-07,2.447668e-10,2.944749e-12,3.545323e-08,4.137039e-12,2.297016e-10,1.710885e-09,7.189697e-11,1.474612e-08,5.683330e-10,7.404242e-01,1.000000e-60,1.098342e-08,5.304670e-07,6.545841e-07,1.775593e-05,2.225718e-01
1.417553e+03,3.005867e-04,1.478050e-05,2.101649e-04,1.080586e-01,4.332445e-04,7.150752e-02,1.184030e-04,2.568132e-06,1.919388e-10,1.390901e-08,1.416632e-06,1.161331e-07,1.342875e-04,1.741899e-03,2.380253e-02,5.305051e-02,4.573276e-06,2.791474e-04,3.546394e-07,1.185427e-06,2.670865e-05,1.044099e-09,7.138731e-06,5.722960e-07,9.874280e-05,3.085839e-06,3.954945e-05,1.114770e-06,7.240215e-05,3.899420e-08,1.172418e-10,1.695965e-10,1.431235e-10,3.500995e-10,4.294430e-10,2.648048e-07,2.316965e-09,2.433160e-07,2.429385e-10,2.935276e-12,3.615759e-08,4.666589e-12,2.401843e-10,1.772231e-09,7.213429e-11,1.503938e-08,5.618410e-10,7.400675e-01,1.000000e-60,1.291160e-08,6.536078e-07,6.938581e-07,1.924335e-05,2.255455e-01
1.421051e+03,3.130779e-04,1.442300e-05,1.940527e-04,1.074177e-01,4.115450e-04,7.188884e-02,1.214855e-04,2.661451e-06,1.943919e-10,1.435962e-08,1.500008e-06,1.224239e-07,1.491175e-04,1.932920e-03,2.408395e-02,5.312908e-02,4.739297e-06,3.018998e-04,3.709822e-07,1.316775e-06,2.870766e-05,1.106974e-09,7.848640e-06,6.224406e-07,1.109909e-04,3.588704e-06,4.734300e-05,1.157100e-06,7.720556e-05,4.131141e-08,1.197993e-10,1.647672e-10,1.484002e-10,3.712753e-10,4.207007e-10,2.648475e-07,2.430462e-09,2.427857e-07,2.404002e-10,2.893379e-12,3.676510e-08,5.136951e-12,2.459850e-10,1.827777e-09,7.216739e-11,1.530475e-08,5.531886e-10,7.397309e-01,1.000000e-60,1.485302e-08,7.907910e-07,7.267291e-07,2.062573e-05,2.283521e-01
1.423863e+03,3.248110e-04,1.400069e-05,1.787534e-04,1.068683e-01,3.893164e-04,7.221523e-02,1.241352e-04,2.763534e-06,1.918082e-10,1.452691e-08,1.565347e-06,1.271688e-07,1.637999e-04,2.131614e-03,2.433375e-02,5.318082e-02,4.855590e-06,3.242060e-04,3.828905e-07,1.446859e-06,3.064581e-05,1.152910e-09,8.536641e-06,6.663777e-07,1.235162e-04,4.107669e-06,5.590132e-05,1.187087e-06,8.178414e-05,4.340185e-08,1.202856e-10,1.593295e-10,1.528883e-10,3.919473e-10,4.096127e-10,2.647360e-07,2.553697e-09,2.422114e-07,2.372922e-10,2.824685e-12,3.728740e-08,5.532303e-12,2.474183e-10,1.878212e-09,7.203304e-11,1.554600e-08,5.427670e-10,7.394095e-01,1.000000e-60,1.677636e-08,9.424369e-07,7.534268e-07,2.190588e-05,2.310320e-01
1.426090e+03,3.358802e-04,1.352490e-05,1.642622e-04,1.063953e-01,3.668260e-04,7.249523e-02,1.263674e-04,2.872952e-06,1.848742e-10,1.443195e-08,1.612704e-06,1.303921e-07,1.782747e-04,2.338999e-03,2.455654e-02,5.321019e-02,4.925755e-06,3.461518e-04,3.905299e-07,1.574727e-06,3.252697e-05,1.182466e-09,9.202257e-06,7.037918e-07,1.363213e-04,4.638711e-06,6.526399e-05,1.205488e-06,8.615998e-05,4.528103e-08,1.188701e-10,1.534127e-10,1.566326e-10,4.122159e-10,3.965804e-10,2.644957e-07,2.687403e-09,2.416034e-07,2.337104e-10,2.733860e-12,3.773439e-08,5.840752e-12,2.448630e-10,1.924122e-09,7.175902e-11,1.576626e-08,5.308578e-10,7.390993e-01,1.000000e-60,1.865322e-08,1.109172e-06,7.741880e-07,2.308763e-05,2.336191e-01
1.427805e+03,3.463406e-04,1.300552e-05,1.505843e-04,1.059885e-01,3.443115e-04,7.273470e-02,1.281886e-04,2.988324e-06,1.743807e-10,1.410076e-08,1.642223e-06,1.321278e-07,1.924524e-04,2.555773e-03,2.475542e-02,5.322034e-02,4.953016e-06,3.677742e-04,3.940731e-07,1.699133e-06,3.435078e-05,1.196381e-09,9.843855e-06,7.343772e-07,1.493852e-04,5.176575e-06,7.545694e-05,1.212980e-06,9.034282e-05,4.695897e-08,1.157509e-10,1.471262e-10,1.596595e-10,4.321265e-10,3.819507e-10,2.641456e-07,2.832327e-09,2.409691e-07,2.297296e-10,2.625053e-12,3.811341e-08,6.053330e-12,2.387455e-10,1.965882e-09,7.136740e-11,1.596756e-08,5.176955e-10,7.387974e-01,1.000000e-60,2.045217e-08,1.291335e-06,7.891865e-07,2.417207e-05,2.361362e-01
1.429062e+03,3.562345e-04,1.245108e-05,1.377126e-04,1.056398e-01,3.219640e-04,7.293810e-02,1.296037e-04,3.108371e-06,1.611734e-10,1.356398e-08,1.654300e-06,1.324306e-07,2.062408e-04,2.782649e-03,2.493285e-02,5.321363e-02,4.940597e-06,3.891028e-04,3.937324e-07,1.818781e-06,3.611637e-05,1.195641e-09,1.045990e-05,7.579308e-07,1.626837e-04,5.715607e-06,8.650404e-05,1.210258e-06,9.433961e-05,4.844493e-08,1.111537e-10,1.405602e-10,1.619904e-10,4.517105e-10,3.660238e-10,2.636997e-07,2.989380e-09,2.403138e-07,2.254064e-10,2.501971e-12,3.843075e-08,6.165121e-12,2.295395e-10,2.003796e-09,7.087629e-11,1.615149e-08,5.034723e-10,7.385017e-01,1.000000e-60,2.214255e-08,1.489166e-06,7.986051e-07,2.516018e-05,2.386018e-01
1.429903e+03,3.655978e-04,1.186890e-05,1.256287e-04,1.053431e-01,2.999337e-04,7.310894e-02,1.306165e-04,3.231895e-06,1.460952e-10,1.285519e-08,1.649577e-06,1.313747e-07,2.195492e-04,3.020425e-03,2.509079e-02,5.319184e-02,4.891715e-06,4.101667e-04,3.897556e-07,1.932374e-06,3.782305e-05,1.181429e-09,1.104915e-05,7.743554e-07,1.761938e-04,6.249922e-06,9.842996e-05,1.198033e-06,9.815620e-05,4.974801e-08,1.053205e-10,1.337886e-10,1.636437e-10,4.709944e-10,3.490599e-10,2.631690e-07,3.159673e-09,2.396407e-07,2.207826e-10,2.367911e-12,3.869208e-08,6.175283e-12,2.177474e-10,2.038116e-09,7.030073e-11,1.631935e-08,4.883448e-10,7.382102e-01,1.000000e-60,2.369531e-08,1.702855e-06,8.026415e-07,2.605326e-05,2.410320e-01
1.430360e+03,3.744572e-04,1.126562e-05,1.143118e-04,1.050934e-01,2.783487e-04,7.324990e-02,1.312298e-04,3.357686e-06,1.299485e-10,1.200966e-08,1.628919e-06,1.290516e-07,2.322832e-04,3.269907e-03,2.523083e-02,5.315633e-02,4.809583e-06,4.309867e-04,3.824227e-07,2.038579e-06,3.946960e-05,1.155074e-09,1.161036e-05,7.836470e-07,1.898873e-04,6.773196e-06,1.112551e-04,1.177042e-06,1.017962e-04,5.087672e-08,9.850324e-11,1.268759e-10,1.646348e-10,4.899927e-10,3.312941e-10,2.625616e-07,3.344452e-09,2.389518e-07,2.158906e-10,2.225858e-12,3.890247e-08,6.086824e-12,2.038880e-10,2.069051e-09,6.965359e-11,1.647219e-08,4.724474e-10,7.379214e-01,1.000000e-60,2.508290e-08,1.932443e-06,8.015073e-07,2.685252e-05,2.434401e-01
1.430458e+03,3.828285e-04,1.064769e-05,1.037447e-04,1.048869e-01,2.573303e-04,7.336305e-02,1.314460e-04,3.484433e-06,1.134696e-10,1.106375e-08,1.593432e-06,1.255714e-07,2.443396e-04,3.531765e-03,2.535417e-02,5.310816e-02,4.697505e-06,4.515646e-04,3.720509e-07,2.136003e-06,4.105364e-05,1.118043e-09,1.214208e-05,7.859006e-07,2.037239e-04,7.278462e-06,1.249868e-04,1.148073e-06,1.052595e-04,5.183876e-08,9.096034e-11,1.198831e-10,1.649784e-10,5.087002e-10,3.129529e-10,2.618844e-07,3.544981e-09,2.382488e-07,2.107580e-10,2.078600e-12,3.906643e-08,5.906490e-12,1.884924e-10,2.096756e-09,6.894647e-11,1.661077e-08,4.559079e-10,7.376340e-01,1.000000e-60,2.627931e-08,2.177655e-06,7.954395e-07,2.755891e-05,2.458363e-01
1.430219e+03,3.907164e-04,1.002171e-05,9.391552e-05,1.047208e-01,2.370014e-04,7.344997e-02,1.312688e-04,3.610673e-06,9.730790e-11,1.005414e-08,1.544514e-06,1.210656e-07,2.556070e-04,3.806408e-03,2.546173e-02,5.304826e-02,4.559008e-06,4.718783e-04,3.590037e-07,2.223227e-06,4.257143e-05,1.071949e-09,1.264260e-05,7.813341e-07,2.176457e-04,7.758116e-06,1.396109e-04,1.111997e-06,1.085423e-04,5.264145e-08,8.295349e-11,1.128718e-10,1.646905e-10,5.270879e-10,2.942642e-10,2.611437e-07,3.762413e-09,2.375335e-07,2.054126e-10,1.928807e-12,3.918814e-08,5.644663e-12,1.720981e-10,2.121352e-09,6.819047e-11,1.673562e-08,4.388581e-10,7.373473e-01,1.000000e-60,2.726121e-08,2.437748e-06,7.847226e-07,2.817330e-05,2.482273e-01
1.429660e+03,3.981192e-04,9.394400e-06,8.481407e-05,1.045925e-01,2.174814e-04,7.351201e-02,1.307058e-04,3.734819e-06,8.199937e-11,9.016448e-09,1.483857e-06,1.156868e-07,2.659730e-04,4.093963e-03,2.555425e-02,5.297748e-02,4.397889e-06,4.918863e-04,3.436915e-07,2.298910e-06,4.401854e-05,1.018528e-09,1.311020e-05,7.703134e-07,2.315801e-04,8.204298e-06,1.550889e-04,1.069787e-06,1.116390e-04,5.329256e-08,7.473831e-11,1.059040e-10,1.637931e-10,5.451085e-10,2.754567e-10,2.603454e-07,3.997732e-09,2.368076e-07,1.998831e-10,1.779003e-12,3.927166e-08,5.314937e-12,1.552319e-10,2.142942e-09,6.739648e-11,1.684717e-08,4.214359e-10,7.370607e-01,1.000000e-60,2.800996e-08,2.711467e-06,7.697072e-07,2.869702e-05,2.506169e-01
1.428800e+03,4.050363e-04,8.771974e-06,7.642323e-05,1.044999e-01,1.988685e-04,7.355042e-02,1.297687e-04,3.855310e-06,6.793849e-11,7.982914e-09,1.413370e-06,1.096011e-07,2.753385e-04,4.394474e-03,2.563248e-02,5.289659e-02,4.218064e-06,5.115451e-04,3.265506e-07,2.361931e-06,4.539129e-05,9.595473e-10,1.354362e-05,7.533462e-07,2.454524e-04,8.609612e-06,1.713687e-04,1.022475e-06,1.145448e-04,5.380109e-08,6.654786e-11,9.903598e-11,1.623139e-10,5.627135e-10,2.567418e-10,2.594950e-07,4.251878e-09,2.360728e-07,1.941959e-10,1.631416e-12,3.932102e-08,4.933001e-12,1.383761e-10,2.161641e-09,6.657457e-11,1.694585e-08,4.037721e-10,7.367739e-01,1.000000e-60,2.851367e-08,2.997250e-06,7.508019e-07,2.913255e-05,2.530081e-01
1.427655e+03,4.114753e-04,8.159526e-06,6.871285e-05,1.044406e-01,1.812228e-04,7.356642e-02,1.284724e-04,3.970750e-06,5.536663e-11,6.980195e-09,1.335017e-06,1.029739e-07,2.836282e-04,4.708204e-03,2.569718e-02,5.280626e-02,4.023280e-06,5.308286e-04,3.080098e-07,2.411479e-06,4.668809e-05,8.966752e-10,1.394250e-05,7.310379e-07,2.592002e-04,8.967725e-06,1.884010e-04,9.710754e-07,1.172589e-04,5.417741e-08,5.857648e-11,9.231196e-11,1.602848e-10,5.798706e-10,2.382940e-10,2.585964e-07,4.525979e-09,2.353295e-07,1.883704e-10,1.487814e-12,3.934021e-08,4.515082e-12,1.219351e-10,2.177594e-09,6.573321e-11,1.703223e-08,3.859727e-10,7.364864e-01,1.000000e-60,2.876787e-08,3.293532e-06,7.284408e-07,2.948372e-05,2.554056e-01
1.426238e+03,4.174515e-04,7.560815e-06,6.164157e-05,1.044127e-01,1.645668e-04,7.356109e-02,1.268321e-04,4.079958e-06,4.438786e-11,6.028548e-09,1.250683e-06,9.596012e-08,2.907894e-04,5.035803e-03,2.574915e-02,5.270690e-02,3.816898e-06,5.497328e-04,2.884630e-07,2.447034e-06,4.790948e-05,8.313925e-10,1.430729e-05,7.040341e-07,2.727783e-04,9.273464e-06,2.061495e-04,9.165193e-07,1.197846e-04,5.443252e-08,5.097371e-11,8.576236e-11,1.577379e-10,5.965679e-10,2.202446e-10,2.576519e-07,4.821530e-09,2.345772e-07,1.824166e-10,1.349479e-12,3.933294e-08,4.076600e-12,1.062229e-10,2.190962e-09,6.487891e-11,1.710695e-08,3.681134e-10,7.361973e-01,1.000000e-60,2.877435e-08,3.598926e-06,7.030493e-07,2.975535e-05,2.578164e-01
1.424556e+03,4.229833e-04,6.978613e-06,5.516375e-05,1.044146e-01,1.488988e-04,7.353529e-02,1.248629e-04,4.181905e-06,3.500241e-11,5.142444e-09,1.162121e-06,8.870031e-08,2.967837e-04,5.378259e-03,2.578910e-02,5.259876e-02,3.601888e-06,5.682662e-04,2.682646e-07,2.468279e-06,4.905725e-05,7.649786e-10,1.463889e-05,6.729873e-07,2.861533e-04,9.522528e-06,2.245878e-04,8.596511e-07,1.221270e-04,5.457719e-08,4.384867e-11,7.940793e-11,1.547037e-10,6.128053e-10,2.026920e-10,2.566619e-07,5.140381e-09,2.338142e-07,1.763379e-10,1.217312e-12,3.930251e-08,3.631491e-12,9.147084e-11,2.201908e-09,6.401656e-11,1.717063e-08,3.502468e-10,7.359055e-01,1.000000e-60,2.853966e-08,3.912166e-06,6.750312e-07,2.995260e-05,2.602495e-01
1.422616e+03,4.280884e-04,6.415088e-06,4.923486e-05,1.044450e-01,1.342058e-04,7.348966e-02,1.225788e-04,4.275653e-06,2.713878e-11,4.331547e-09,1.070961e-06,8.132197e-08,3.015800e-04,5.736792e-03,2.581765e-02,5.248191e-02,3.380904e-06,5.864393e-04,2.477330e-07,2.475054e-06,5.013354e-05,6.985361e-10,1.493838e-05,6.385469e-07,2.992958e-04,9.711249e-06,2.436927e-04,8.012426e-07,1.242917e-04,5.462149e-08,3.727725e-11,7.326415e-11,1.512106e-10,6.285850e-10,1.857135e-10,2.556257e-07,5.484670e-09,2.330386e-07,1.701340e-10,1.091950e-12,3.925178e-08,3.191945e-12,7.784194e-11,2.210584e-09,6.314996e-11,1.722384e-08,3.324137e-10,7.356098e-01,1.000000e-60,2.807406e-08,4.231987e-06,6.447722e-07,3.008065e-05,2.627146e-01
1.420417e+03,4.327829e-04,5.871920e-06,4.381249e-05,1.045029e-01,1.204668e-04,7.342456e-02,1.199929e-04,4.360335e-06,2.067688e-11,3.601367e-09,9.786860e-07,7.393880e-08,3.051519e-04,6.112876e-03,2.583529e-02,5.235628e-02,3.156309e-06,6.042632e-04,2.271507e-07,2.467333e-06,5.114072e-05,6.329980e-10,1.520691e-05,6.013482e-07,3.121794e-04,9.836553e-06,2.634440e-04,7.419953e-07,1.262837e-04,5.457471e-08,3.130620e-11,6.734242e-11,1.472852e-10,6.439096e-10,1.693693e-10,2.545414e-07,5.856860e-09,2.322475e-07,1.638021e-10,9.738171e-13,3.918314e-08,2.768173e-12,6.543905e-11,2.217127e-09,6.228201e-11,1.726708e-08,3.146448e-10,7.353091e-01,1.000000e-60,2.739094e-08,4.557115e-06,6.126375e-07,3.014450e-05,2.652223e-01
1.417959e+03,4.370810e-04,5.350373e-06,3.885674e-05,1.045880e-01,1.076549e-04,7.334011e-02,1.171174e-04,4.435150e-06,1.546740e-11,2.953913e-09,8.866314e-07,6.665046e-08,3.074766e-04,6.508292e-03,2.584237e-02,5.222161e-02,2.930193e-06,6.217489e-04,2.067647e-07,2.445208e-06,5.208124e-05,5.691382e-10,1.544567e-05,5.620032e-07,3.247796e-04,9.895918e-06,2.838241e-04,6.825411e-07,1.281082e-04,5.444528e-08,2.595745e-11,6.165081e-11,1.429518e-10,6.587820e-10,1.537049e-10,2.534059e-07,6.259804e-09,2.314380e-07,1.573371e-10,8.631599e-13,3.909857e-08,2.368313e-12,5.431317e-11,2.221657e-09,6.141478e-11,1.730076e-08,2.969632e-10,7.350018e-01,1.000000e-60,2.650621e-08,4.886266e-06,5.789711e-07,3.014897e-05,2.677845e-01
1.415234e+03,4.409936e-04,4.851518e-06,3.433186e-05,1.046999e-01,9.574291e-05,7.323616e-02,1.139641e-04,4.499333e-06,1.134857e-11,2.388521e-09,7.960043e-07,5.954503e-08,3.085318e-04,6.925063e-03,2.583915e-02,5.207752e-02,2.704466e-06,6.389014e-04,1.867937e-07,2.408883e-06,5.295730e-05,5.076036e-10,1.565577e-05,5.211078e-07,3.370700e-04,9.887357e-06,3.048128e-04,6.234642e-07,1.297691e-04,5.424080e-08,2.123375e-11,5.619642e-11,1.382335e-10,6.731998e-10,1.387583e-10,2.522151e-07,6.696697e-09,2.306065e-07,1.507338e-10,7.601157e-13,3.899964e-08,1.998562e-12,4.447487e-11,2.224282e-09,6.054990e-11,1.732519e-08,2.793905e-10,7.346865e-01,1.000000e-60,2.543822e-08,5.218050e-06,5.441064e-07,3.009861e-05,2.704137e-01
1.412233e+03,4.445273e-04,4.376411e-06,3.020701e-05,1.048389e-01,8.470696e-05,7.311235e-02,1.105458e-04,4.552151e-06,8.157821e-12,1.902506e-09,7.079117e-07,5.270131e-08,3.082968e-04,7.365360e-03,2.582575e-02,5.192354e-02,2.480953e-06,6.557147e-04,1.674357e-07,2.358698e-06,5.377056e-05,4.489434e-10,1.583820e-05,4.792529e-07,3.490176e-04,9.809519e-06,3.263787e-04,5.653217e-07,1.312690e-04,5.396824e-08,1.712307e-11,5.098721e-11,1.331547e-10,6.871510e-10,1.245651e-10,2.509644e-07,7.170970e-09,2.297494e-07,1.439899e-10,6.647599e-13,3.888760e-08,1.663345e-12,3.590330e-11,2.225089e-09,5.968885e-11,1.734058e-08,2.619539e-10,7.343616e-01,1.000000e-60,2.420786e-08,5.550845e-06,5.083794e-07,2.999779e-05,2.731224e-01
1.408946e+03,4.476849e-04,3.926116e-06,2.645558e-05,1.050054e-01,7.452601e-05,7.296817e-02,1.068775e-04,4.592926e-06,5.738771e-12,1.491555e-09,6.233604e-07,4.618918e-08,3.067551e-04,7.831458e-03,2.580219e-02,5.175911e-02,2.261427e-06,6.721699e-04,1.488690e-07,2.295171e-06,5.452223e-05,3.936188e-10,1.599384e-05,4.370259e-07,3.605821e-04,9.661922e-06,3.484757e-04,5.086492e-07,1.326092e-04,5.363415e-08,1.360096e-11,4.603220e-11,1.277425e-10,7.006129e-10,1.111595e-10,2.496486e-07,7.686205e-09,2.288627e-07,1.371076e-10,5.771164e-13,3.876341e-08,1.365384e-12,2.855094e-11,2.224158e-09,5.883315e-11,1.734707e-08,2.446883e-10,7.340257e-01,1.000000e-60,2.283876e-08,5.882762e-06,4.721348e-07,2.985082e-05,2.759235e-01
1.405360e+03,4.504662e-04,3.501658e-06,2.305418e-05,1.052001e-01,6.518017e-05,7.280294e-02,1.029771e-04,4.621081e-06,3.946165e-12,1.150044e-09,5.432415e-07,4.006855e-08,3.038974e-04,8.325740e-03,2.576844e-02,5.158364e-02,2.047597e-06,6.882363e-04,1.312506e-07,2.219026e-06,5.521312e-05,3.420020e-10,1.612352e-05,3.950050e-07,3.717170e-04,9.445188e-06,3.710407e-04,4.539537e-07,1.337904e-04,5.324477e-08,1.063226e-11,4.134094e-11,1.220278e-10,7.135531e-10,9.857315e-11,2.482622e-07,8.246098e-09,2.279429e-07,1.300937e-10,4.971534e-13,3.862782e-08,1.105777e-12,2.234733e-11,2.221560e-09,5.798430e-11,1.734474e-08,2.276368e-10,7.336771e-01,1.000000e-60,2.135710e-08,6.211652e-06,4.357253e-07,2.966202e-05,2.788295e-01
1.401460e+03,4.528687e-04,3.103971e-06,1.998174e-05,1.054237e-01,5.664916e-05,7.261587e-02,9.886583e-05,4.636189e-06,2.649442e-12,8.713700e-10,4.683126e-07,3.438846e-08,2.997252e-04,8.850694e-03,2.572437e-02,5.139646e-02,1.841095e-06,7.038718e-04,1.147138e-07,2.131217e-06,5.584380e-05,2.943746e-10,1.622808e-05,3.537492e-07,3.823702e-04,9.161271e-06,3.939923e-04,4.017058e-07,1.348125e-04,5.280617e-08,8.173122e-12,3.692287e-11,1.160457e-10,7.259305e-10,8.683334e-11,2.467995e-07,8.854380e-09,2.269857e-07,1.229611e-10,4.247783e-13,3.848132e-08,8.841272e-13,1.720315e-11,2.217362e-09,5.714382e-11,1.733362e-08,2.108505e-10,7.333144e-01,1.000000e-60,1.979125e-08,6.535129e-06,3.995086e-07,2.943578e-05,2.818536e-01
1.397232e+03,4.548885e-04,2.733838e-06,1.721882e-05,1.056772e-01,4.891084e-05,7.240608e-02,9.456875e-05,4.638023e-06,1.734970e-12,6.482911e-10,3.991798e-07,2.918593e-08,2.942535e-04,9.408908e-03,2.566985e-02,5.119687e-02,1.643443e-06,7.190241e-04,9.936552e-08,2.032940e-06,5.641465e-05,2.509256e-10,1.630840e-05,3.137860e-07,3.924859e-04,8.813643e-06,4.172300e-04,3.523272e-07,1.356755e-04,5.232425e-08,6.173161e-12,3.278666e-11,1.098361e-10,7.376963e-10,7.596144e-11,2.452545e-07,9.514747e-09,2.259872e-07,1.157290e-10,3.598327e-13,3.832424e-08,6.987293e-13,1.301493e-11,2.211627e-09,5.631316e-11,1.731369e-08,1.943880e-10,7.329360e-01,1.000000e-60,1.817111e-08,6.850615e-06,3.638419e-07,2.917660e-05,2.850089e-01
1.392655e+03,4.565220e-04,2.391578e-06,1.474520e-05,1.059619e-01,4.193484e-05,7.217241e-02,9.011111e-05,4.626590e-06,1.106634e-12,4.731482e-10,3.362341e-07,2.448168e-08,2.875083e-04,1.000356e-02,2.560462e-02,5.098394e-02,1.455875e-06,7.336431e-04,8.527329e-08,1.925541e-06,5.692633e-05,2.117217e-10,1.636541e-05,2.755672e-07,4.020131e-04,8.407061e-06,4.406527e-04,3.061441e-07,1.363797e-04,5.180436e-08,4.576720e-12,2.893656e-11,1.034391e-10,7.488038e-10,6.596366e-11,2.436195e-07,1.023134e-08,2.249423e-07,1.084177e-10,3.020470e-13,3.815654e-08,5.467125e-13,9.667657e-12,2.204414e-09,5.549306e-11,1.728488e-08,1.783014e-10,7.325399e-01,1.000000e-60,1.652599e-08,7.155637e-06,3.290471e-07,2.888875e-05,2.883117e-01
1.387706e+03,4.577638e-04,2.077308e-06,1.254184e-05,1.062794e-01,3.568864e-05,7.191349e-02,8.552104e-05,4.602141e-06,6.866070e-13,3.384234e-10,2.797047e-07,2.028448e-08,2.795293e-04,1.063813e-02,2.552836e-02,5.075663e-02,1.279463e-06,7.476704e-04,7.247741e-08,1.810549e-06,5.737931e-05,1.767479e-10,1.640008e-05,2.394878e-07,4.108992e-04,7.947727e-06,4.641434e-04,2.634174e-07,1.369254e-04,5.125148e-08,3.327379e-12,2.537524e-11,9.689814e-11,7.592001e-10,5.683913e-11,2.418862e-07,1.100833e-08,2.238453e-07,1.010533e-10,2.510990e-13,3.797800e-08,4.245174e-13,7.044364e-12,2.195773e-09,5.468408e-11,1.724709e-08,1.626480e-10,7.321240e-01,1.000000e-60,1.488475e-08,7.447654e-06,2.954298e-07,2.857642e-05,2.917797e-01
1.382370e+03,4.586063e-04,1.791445e-06,1.059410e-05,1.066307e-01,3.014713e-05,7.162837e-02,8.083865e-05,4.565291e-06,4.142503e-13,2.371619e-10,2.297494e-07,1.659818e-08,2.703907e-04,1.131508e-02,2.544085e-02,5.051423e-02,1.115396e-06,7.610151e-04,6.101202e-08,1.689896e-06,5.777313e-05,1.459696e-10,1.641335e-05,2.059388e-07,4.190761e-04,7.444278e-06,4.875234e-04,2.244084e-07,1.373121e-04,5.067140e-08,2.371525e-12,2.210946e-11,9.027327e-11,7.688088e-10,4.859431e-11,2.400494e-07,1.184816e-08,2.226925e-07,9.368281e-11,2.066970e-13,3.778849e-08,3.283397e-13,5.033769e-12,2.185768e-09,5.388806e-11,1.720022e-08,1.475176e-10,7.316869e-01,1.000000e-60,1.327805e-08,7.723595e-06,2.633327e-07,2.824430e-05,2.954246e-01
1.376636e+03,4.590438e-04,1.534169e-06,8.887639e-06,1.070166e-01,2.528163e-05,7.131640e-02,7.611151e-05,4.517098e-06,2.431460e-13,1.628833e-10,1.863597e-07,1.341479e-08,2.602025e-04,1.203618e-02,2.534200e-02,5.025630e-02,9.646884e-07,7.735738e-04,5.088418e-08,1.565781e-06,5.810734e-05,1.192769e-10,1.640632e-05,1.752423e-07,4.264761e-04,6.907415e-06,5.105791e-04,1.893037e-07,1.375406e-04,5.007026e-08,1.657489e-12,1.914403e-11,8.363430e-11,7.775477e-10,4.122737e-11,2.381061e-07,1.275168e-08,2.214813e-07,8.636587e-11,1.684927e-13,3.758801e-08,2.541509e-13,3.528550e-12,2.174480e-09,5.310723e-11,1.714428e-08,1.330115e-10,7.312275e-01,1.000000e-60,1.173515e-08,7.980363e-06,2.330813e-07,2.789730e-05,2.992550e-01
1.370496e+03,4.590744e-04,1.304976e-06,7.405458e-06,1.074378e-01,2.105201e-05,7.097687e-02,7.138612e-05,4.459003e-06,1.389193e-13,1.096755e-10,1.492992e-07,1.071036e-08,2.490948e-04,1.280340e-02,2.523170e-02,4.998230e-02,8.278929e-07,7.852549e-04,4.205842e-08,1.440399e-06,5.838205e-05,9.645026e-11,1.638026e-05,1.475887e-07,4.330470e-04,6.348690e-06,5.331025e-04,1.581508e-07,1.376132e-04,4.945352e-08,1.136439e-12,1.647655e-11,7.704879e-11,7.853465e-10,3.471551e-11,2.360529e-07,1.371917e-08,2.202085e-07,7.916211e-11,1.360263e-13,3.737633e-08,1.978700e-13,2.427195e-12,2.161987e-09,5.234289e-11,1.707927e-08,1.192159e-10,7.307447e-01,1.000000e-60,1.028019e-08,8.215394e-06,2.049217e-07,2.753988e-05,3.032807e-01
1.363935e+03,4.586990e-04,1.102815e-06,6.129068e-06,1.078952e-01,1.741048e-05,7.060904e-02,6.670724e-05,4.392768e-06,7.731434e-14,7.243464e-11,1.181582e-07,8.449210e-09,2.372150e-04,1.361888e-02,2.510983e-02,4.969160e-02,7.051536e-07,7.959767e-04,3.446656e-08,1.315856e-06,5.859776e-05,7.719331e-11,1.633650e-05,1.230489e-07,4.387516e-04,5.779947e-06,5.548926e-04,1.308784e-07,1.375339e-04,4.882593e-08,7.648482e-13,1.409876e-11,7.058108e-11,7.921452e-10,2.901971e-11,2.338863e-07,1.475022e-08,2.188705e-07,7.213056e-11,1.087696e-13,3.715309e-08,1.556921e-13,1.639169e-12,2.148361e-09,5.159561e-11,1.700521e-08,1.062026e-10,7.302371e-01,1.000000e-60,8.931546e-09,8.426676e-06,1.790227e-07,2.717596e-05,3.075127e-01
1.356943e+03,4.579211e-04,9.262495e-07,5.039469e-06,1.083895e-01,1.430522e-05,7.021221e-02,6.211779e-05,4.320412e-06,4.195817e-14,4.695601e-11,9.241064e-08,6.588278e-09,2.247248e-04,1.448470e-02,2.497629e-02,4.938360e-02,5.962790e-07,8.056654e-04,2.801801e-08,1.194107e-06,5.875514e-05,6.116404e-11,1.627638e-05,1.015919e-07,4.435652e-04,5.212853e-06,5.757534e-04,1.073226e-07,1.373075e-04,4.819157e-08,5.057748e-13,1.199811e-11,6.429234e-11,7.978931e-10,2.408957e-11,2.316036e-07,1.584335e-08,2.174639e-07,6.532963e-11,8.616302e-14,3.691784e-08,1.242942e-13,1.087581e-12,2.133671e-09,5.086547e-11,1.692210e-08,9.403130e-11,7.297035e-01,1.000000e-60,7.701929e-09,8.612718e-06,1.554831e-07,2.680889e-05,3.119620e-01
1.349512e+03,4.567466e-04,7.735657e-07,4.117750e-06,1.089214e-01,1.168277e-05,6.978582e-02,5.765862e-05,4.244154e-06,2.223915e-14,2.990945e-11,7.146179e-08,5.080573e-09,2.117992e-04,1.540255e-02,2.483104e-02,4.905779e-02,5.008032e-07,8.142548e-04,2.260805e-08,1.076918e-06,5.885495e-05,4.799870e-11,1.620124e-05,8.310358e-08,4.474755e-04,4.658463e-06,5.954944e-04,8.724884e-08,1.369397e-04,4.755402e-08,3.291162e-13,1.015897e-11,5.824025e-11,8.025486e-10,1.986698e-11,2.292034e-07,1.699564e-08,2.159857e-07,5.881642e-11,6.764247e-14,3.667018e-08,1.009236e-13,7.097170e-13,2.117983e-09,5.015224e-11,1.683002e-08,8.275038e-11,7.291427e-01,1.000000e-60,6.598648e-09,8.772548e-06,1.343393e-07,2.644148e-05,3.166378e-01
1.341640e+03,4.551848e-04,6.428591e-07,3.345419e-06,1.094910e-01,9.489735e-06,6.932970e-02,5.336819e-05,4.166335e-06,1.153873e-14,1.874908e-11,5.468742e-08,3.877972e-09,1.986246e-04,1.637342e-02,2.467415e-02,4.871390e-02,4.180366e-07,8.216876e-04,1.812439e-08,9.658157e-07,5.889812e-05,3.732956e-11,1.611243e-05,6.740351e-08,4.504831e-04,4.126783e-06,6.139329e-04,7.037112e-08,1.364373e-04,4.691645e-08,2.112133e-13,8.563436e-12,5.247835e-11,8.060814e-10,1.628894e-11,2.266869e-07,1.820225e-08,2.144340e-07,5.264541e-11,5.265765e-14,3.640982e-08,8.340143e-14,4.562194e-13,2.101368e-09,4.945564e-11,1.672909e-08,7.239666e-11,7.285541e-01,1.000000e-60,5.624027e-09,8.905722e-06,1.155706e-07,2.607609e-05,3.215459e-01
1.333332e+03,4.532495e-04,5.320844e-07,2.704526e-06,1.100978e-01,7.673653e-06,6.884417e-02,4.928104e-05,4.089305e-06,5.878413e-15,1.159109e-11,4.146380e-08,2.933271e-09,1.853927e-04,1.739725e-02,2.450587e-02,4.835201e-02,3.471007e-07,8.279197e-04,1.445197e-08,8.620339e-07,5.888584e-05,2.879711e-11,1.601128e-05,5.425991e-08,4.526026e-04,3.626289e-06,6.309022e-04,5.636742e-08,1.358083e-04,4.628173e-08,1.340889e-13,7.191803e-12,4.705388e-11,8.084761e-10,1.328919e-11,2.240582e-07,1.945627e-08,2.128085e-07,4.686538e-11,4.068363e-14,3.613674e-08,7.007271e-14,2.894899e-13,2.083900e-09,4.877533e-11,1.661956e-08,6.299234e-11,7.279375e-01,1.000000e-60,4.775857e-09,9.012361e-06,9.910355e-08,2.571466e-05,3.266873e-01
1.324603e+03,4.509589e-04,4.391044e-07,2.177771e-06,1.107407e-01,6.183816e-06,6.833009e-02,4.542601e-05,4.015284e-06,2.951527e-15,7.085574e-12,3.119277e-08,2.201852e-09,1.722922e-04,1.847287e-02,2.432663e-02,4.797256e-02,2.869664e-07,8.329248e-04,1.147700e-08,7.664626e-07,5.881970e-05,2.205982e-11,1.589915e-05,4.340489e-08,4.538639e-04,3.163484e-06,6.462625e-04,4.489454e-08,1.350620e-04,4.565236e-08,8.453306e-14,6.022988e-12,4.200503e-11,8.097359e-10,1.079995e-11,2.213245e-07,2.074883e-08,2.111106e-07,4.151572e-11,3.123010e-14,3.585115e-08,5.972678e-14,1.817922e-13,2.065661e-09,4.811098e-11,1.650182e-08,5.454167e-11,7.272934e-01,1.000000e-60,4.048008e-09,9.093165e-06,8.481649e-08,2.535868e-05,3.320578e-01
1.315476e+03,4.483349e-04,3.617243e-07,1.748576e-06,1.114182e-01,4.971735e-06,6.778864e-02,4.182321e-05,3.946192e-06,1.466389e-15,4.294833e-12,2.332007e-08,1.642845e-09,1.594935e-04,1.959845e-02,2.413695e-02,4.757621e-02,2.364839e-07,8.366993e-04,9.089880e-09,6.795882e-07,5.870172e-05,1.680083e-11,1.577734e-05,3.454819e-08,4.543115e-04,2.742482e-06,6.599155e-04,3.560090e-08,1.342085e-04,4.503017e-08,5.315168e-14,5.034760e-12,3.735683e-11,8.098846e-10,8.753115e-12,2.184947e-07,2.207001e-08,2.093426e-07,3.662144e-11,2.384740e-14,3.555343e-08,5.150516e-14,1.132894e-13,2.046732e-09,4.746192e-11,1.637631e-08,4.702620e-11,7.266227e-01,1.000000e-60,3.431078e-09,9.149398e-06,7.254362e-08,2.500909e-05,3.376500e-01
1.305973e+03,4.454012e-04,2.977785e-07,1.401444e-06,1.121285e-01,3.992355e-06,6.722119e-02,3.848331e-05,3.883535e-06,7.237087e-16,2.588402e-12,1.735321e-08,1.220273e-09,1.471399e-04,2.077179e-02,2.393744e-02,4.716373e-02,1.944502e-07,8.392616e-04,7.189151e-09,6.015129e-07,5.853426e-05,1.273620e-11,1.564703e-05,2.739616e-08,4.540015e-04,2.365028e-06,6.718090e-04,2.814430e-08,1.332577e-04,4.441631e-08,3.348716e-14,4.204638e-12,3.312028e-11,8.089641e-10,7.082826e-12,2.155786e-07,2.340951e-08,2.075073e-07,3.219189e-11,1.813561e-14,3.524405e-08,4.481578e-14,7.024968e-14,2.027184e-09,4.682712e-11,1.624352e-08,4.040598e-11,7.259265e-01,1.000000e-60,2.913522e-09,9.182769e-06,6.208855e-08,2.466628e-05,3.434550e-01
1.296124e+03,4.421842e-04,2.452415e-07,1.122452e-06,1.128695e-01,3.205480e-06,6.662948e-02,3.540958e-05,3.828374e-06,3.562033e-16,1.555395e-12,1.287373e-08,9.037879e-10,1.353485e-04,2.198990e-02,2.372881e-02,4.673614e-02,1.596930e-07,8.406489e-04,5.685037e-09,5.320481e-07,5.832001e-05,9.621614e-12,1.550934e-05,2.167127e-08,4.529979e-04,2.030967e-06,6.819296e-04,2.220992e-08,1.322202e-04,4.381151e-08,2.124368e-14,3.511167e-12,2.929515e-11,8.070324e-10,5.728485e-12,2.125877e-07,2.475654e-08,2.056088e-07,2.822360e-11,1.375219e-14,3.492369e-08,3.926039e-14,4.346275e-14,2.007091e-09,4.620555e-11,1.610401e-08,3.462640e-11,7.252063e-01,1.000000e-60,2.483037e-09,9.195267e-06,5.324420e-08,2.433034e-05,3.494600e-01
1.285960e+03,4.387104e-04,2.022612e-07,8.993078e-07,1.136387e-01,2.575895e-06,6.601538e-02,3.259793e-05,3.781281e-06,1.754769e-16,9.343067e-13,9.535807e-09,6.684616e-10,1.242047e-04,2.324955e-02,2.351179e-02,4.629454e-02,1.311057e-07,8.409146e-04,4.499952e-09,4.707603e-07,5.806190e-05,7.251561e-12,1.536526e-05,1.712037e-08,4.513688e-04,1.738534e-06,6.903034e-04,1.751659e-08,1.311060e-04,4.321603e-08,1.363435e-14,2.934284e-12,2.587022e-11,8.041589e-10,4.635576e-12,2.095335e-07,2.610067e-08,2.036514e-07,2.470066e-11,1.040989e-14,3.459309e-08,3.457122e-14,2.689624e-14,1.986518e-09,4.559601e-11,1.595837e-08,2.962045e-11,7.244638e-01,1.000000e-60,2.127314e-09,9.189049e-06,4.580216e-08,2.400107e-05,3.556511e-01
1.275511e+03,4.350051e-04,1.671863e-07,7.213903e-07,1.144339e-01,2.073387e-06,6.538060e-02,3.003779e-05,3.742359e-06,8.678236e-17,5.622232e-13,7.061404e-09,4.943523e-10,1.137606e-04,2.454771e-02,2.328707e-02,4.583997e-02,1.076766e-07,8.401234e-04,3.568461e-09,4.170359e-07,5.776289e-05,5.457312e-12,1.521563e-05,1.352036e-08,4.491827e-04,1.484771e-06,6.969909e-04,1.382060e-08,1.299242e-04,4.262962e-08,8.890510e-15,2.455680e-12,2.282490e-11,8.004196e-10,3.756278e-12,2.064267e-07,2.743257e-08,2.016393e-07,2.159675e-11,7.873225e-15,3.425296e-08,3.056526e-14,1.668282e-14,1.965520e-09,4.499710e-11,1.580714e-08,2.531269e-11,7.237005e-01,1.000000e-60,1.834662e-09,9.166291e-06,3.956174e-08,2.367797e-05,3.620154e-01
1.264806e+03,4.310927e-04,1.385960e-07,5.797935e-07,1.152531e-01,1.672783e-06,6.472689e-02,2.771476e-05,3.711316e-06,4.319562e-17,3.395450e-13,5.233428e-09,3.659542e-10,1.040422e-04,2.588128e-02,2.305534e-02,4.537345e-02,8.851818e-08,8.383476e-04,2.836987e-09,3.701768e-07,5.742595e-05,4.104131e-12,1.506119e-05,1.068207e-08,4.465055e-04,1.266093e-06,7.020752e-04,1.091802e-08,1.286832e-04,4.205175e-08,5.910801e-15,2.059257e-12,2.013303e-11,7.958935e-10,3.050021e-12,2.032774e-07,2.874378e-08,1.995767e-07,1.887946e-11,5.954344e-15,3.390403e-08,2.711509e-14,1.039012e-14,1.944145e-09,4.440744e-11,1.565084e-08,2.162578e-11,7.229181e-01,1.000000e-60,1.594583e-09,9.129095e-06,3.433972e-08,2.336043e-05,3.685395e-01
1.253876e+03,4.269962e-04,1.152937e-07,4.671871e-07,1.160938e-01,1.353475e-06,6.405604e-02,2.561233e-05,3.687538e-06,2.168639e-17,2.061303e-13,3.885652e-09,2.714360e-10,9.505483e-05,2.724703e-02,2.281727e-02,4.489609e-02,7.287123e-08,8.356627e-04,2.262460e-09,3.294600e-07,5.705406e-05,3.086357e-12,1.490258e-05,8.449010e-09,4.433996e-04,1.078671e-06,7.056556e-04,8.641895e-09,1.273907e-04,4.148185e-08,4.017386e-15,1.731150e-12,1.776532e-11,7.906599e-10,2.483083e-12,2.000954e-07,3.002673e-08,1.974682e-07,1.651323e-11,4.505946e-15,3.354707e-08,2.412870e-14,6.507290e-15,1.922439e-09,4.382580e-11,1.549000e-08,1.848426e-11,7.221182e-01,1.000000e-60,1.397957e-09,9.079430e-06,2.997406e-08,2.304784e-05,3.752092e-01
1.242748e+03,4.227371e-04,9.628340e-08,3.776087e-07,1.169540e-01,1.098763e-06,6.336977e-02,2.371275e-05,3.670172e-06,1.100100e-17,1.259506e-13,2.892498e-09,2.018868e-10,8.678588e-05,2.864183e-02,2.257353e-02,4.440893e-02,6.009547e-08,8.321454e-04,1.810630e-09,2.941726e-07,5.665011e-05,2.322131e-12,1.474037e-05,6.693722e-09,4.399223e-04,9.186755e-07,7.078413e-04,6.857554e-09,1.260538e-04,4.091924e-08,2.795690e-15,1.459557e-12,1.569090e-11,7.847959e-10,2.027774e-12,1.968899e-07,3.127495e-08,1.953180e-07,1.446118e-11,3.413895e-15,3.318285e-08,2.153624e-14,4.103344e-15,1.900442e-09,4.325104e-11,1.532511e-08,1.581654e-11,7.213025e-01,1.000000e-60,1.237028e-09,9.019088e-06,2.632417e-08,2.273959e-05,3.820107e-01
1.231450e+03,4.183345e-04,8.074539e-08,3.062560e-07,1.178317e-01,8.952350e-07,6.266962e-02,2.199783e-05,3.658197e-06,5.645844e-18,7.753331e-14,2.160142e-09,1.506666e-10,7.920880e-05,3.006284e-02,2.232468e-02,4.391292e-02,4.965758e-08,8.278706e-04,1.454502e-09,2.636367e-07,5.621681e-05,1.748691e-12,1.457502e-05,5.313769e-09,4.361247e-04,7.824512e-07,7.087464e-04,5.457624e-09,1.246783e-04,4.036315e-08,1.992645e-15,1.234529e-12,1.387868e-11,7.783737e-10,1.661592e-12,1.936685e-07,3.248323e-08,1.931302e-07,1.268681e-11,2.590617e-15,3.281206e-08,1.928211e-14,2.607500e-15,1.878189e-09,4.268210e-11,1.515661e-08,1.355642e-11,7.204725e-01,1.000000e-60,1.105310e-09,8.949662e-06,2.326984e-08,2.243509e-05,3.889315e-01
1.220003e+03,4.138053e-04,6.801166e-08,2.493000e-07,1.187252e-01,7.322135e-07,6.195696e-02,2.044975e-05,3.650511e-06,2.933963e-18,4.811680e-14,1.619155e-09,1.128735e-10,7.228734e-05,3.150756e-02,2.207126e-02,4.340891e-02,4.111860e-08,8.229092e-04,1.172975e-09,2.372289e-07,5.575668e-05,1.318378e-12,1.440691e-05,4.227798e-09,4.320517e-04,6.666393e-07,7.084846e-04,4.357442e-09,1.232694e-04,3.981279e-08,1.453566e-15,1.047771e-12,1.229858e-11,7.714592e-10,1.366442e-12,1.904378e-07,3.364751e-08,1.909082e-07,1.115536e-11,1.969543e-15,3.243531e-08,1.732062e-14,1.670816e-15,1.855707e-09,4.211795e-11,1.498487e-08,1.164418e-11,7.196295e-01,1.000000e-60,9.974607e-10,8.872541e-06,2.070991e-08,2.213374e-05,3.959606e-01
1.208427e+03,4.091639e-04,5.754283e-08,2.037131e-07,1.196330e-01,6.012595e-07,6.123300e-02,1.905170e-05,3.645992e-06,1.544754e-18,3.011797e-14,1.218528e-09,8.491351e-11,6.597962e-05,3.297377e-02,2.181371e-02,4.289764e-02,3.412083e-08,8.173270e-04,9.496599e-10,2.143911e-07,5.527199e-05,9.952752e-13,1.423636e-05,3.371811e-09,4.277421e-04,5.682462e-07,7.071656e-04,3.490848e-09,1.218314e-04,3.926736e-08,1.083431e-15,8.924333e-13,1.092245e-11,7.641117e-10,1.127892e-12,1.872033e-07,3.476469e-08,1.886552e-07,9.834782e-12,1.500434e-15,3.205315e-08,1.561341e-14,1.080026e-15,1.833018e-09,4.155768e-11,1.481025e-08,1.002718e-11,7.187747e-01,1.000000e-60,9.091416e-10,8.788916e-06,1.856036e-08,2.183500e-05,4.030880e-01
1.196740e+03,4.044230e-04,4.890524e-08,1.671112e-07,1.205536e-01,4.957247e-07,6.049878e-02,1.778813e-05,3.643551e-06,8.243043e-19,1.901956e-14,9.209257e-10,6.416122e-11,6.024094e-05,3.445955e-02,2.155242e-02,4.237975e-02,2.837428e-08,8.111843e-04,7.718571e-10,1.946318e-07,5.476482e-05,7.524312e-13,1.406363e-05,2.695733e-09,4.232290e-04,4.846540e-07,7.048929e-04,2.806367e-09,1.203679e-04,3.872610e-08,8.233247e-16,7.628921e-13,9.724534e-12,7.563838e-10,9.344786e-13,1.839694e-07,3.583257e-08,1.863738e-07,8.696211e-12,1.145527e-15,3.166606e-08,1.412787e-14,7.044549e-16,1.810142e-09,4.100048e-11,1.463302e-08,8.659637e-12,7.179091e-01,1.000000e-60,8.368529e-10,8.699799e-06,1.675185e-08,2.153839e-05,4.103053e-01
1.184957e+03,3.995933e-04,4.175106e-08,1.376217e-07,1.214861e-01,4.103801e-07,5.975522e-02,1.664489e-05,3.642170e-06,4.458633e-19,1.211960e-14,6.990732e-10,4.870193e-11,5.502589e-05,3.596321e-02,2.128773e-02,4.185580e-02,2.364459e-08,8.045359e-04,6.297359e-10,1.775240e-07,5.423703e-05,5.696798e-13,1.388894e-05,2.160506e-09,4.185408e-04,4.136058e-07,7.017625e-04,2.264062e-09,1.188821e-04,3.818830e-08,6.362868e-16,6.545435e-13,8.681659e-12,7.483216e-10,7.771231e-13,1.807396e-07,3.684962e-08,1.840664e-07,7.714044e-12,8.765027e-16,3.127446e-08,1.283603e-14,4.637062e-16,1.787094e-09,4.044562e-11,1.445343e-08,7.502223e-12,7.170336e-01,1.000000e-60,7.777881e-10,8.606043e-06,1.522752e-08,2.124347e-05,4.176050e-01
1.173090e+03,3.946840e-04,3.580171e-08,1.137756e-07,1.224293e-01,3.411155e-07,5.900310e-02,1.560927e-05,3.640931e-06,2.444600e-19,7.793198e-15,5.330563e-10,3.713985e-11,5.028990e-05,3.748332e-02,2.101994e-02,4.132628e-02,1.974271e-08,7.974306e-04,5.156826e-10,1.627001e-07,5.369028e-05,4.319555e-13,1.371246e-05,1.735725e-09,4.137011e-04,3.531764e-07,6.978621e-04,1.832996e-09,1.173763e-04,3.765332e-08,4.988019e-16,5.636306e-13,7.773240e-12,7.399651e-10,6.486405e-13,1.775169e-07,3.781491e-08,1.817350e-07,6.865898e-12,6.721501e-16,3.087870e-08,1.171387e-14,3.080520e-16,1.763885e-09,3.989244e-11,1.427169e-08,6.521477e-12,7.161490e-01,1.000000e-60,7.297074e-10,8.508359e-06,1.394080e-08,2.094983e-05,4.249808e-01
1.161149e+03,3.897028e-04,3.083384e-08,9.441964e-08,1.233826e-01,2.846961e-07,5.824307e-02,1.466994e-05,3.639028e-06,1.358518e-19,5.056799e-15,4.083199e-10,2.845630e-11,4.599022e-05,3.901866e-02,2.074928e-02,4.079158e-02,1.651612e-08,7.899118e-04,4.237884e-10,1.498458e-07,5.312604e-05,3.280064e-13,1.353434e-05,1.397721e-09,4.087299e-04,3.017338e-07,6.932711e-04,1.489181e-09,1.158528e-04,3.712055e-08,3.956614e-16,4.870888e-13,6.981174e-12,7.313488e-10,5.433417e-13,1.743033e-07,3.872801e-08,1.793813e-07,6.132381e-12,5.165793e-16,3.047908e-08,1.074071e-14,2.065320e-16,1.740526e-09,3.934039e-11,1.408798e-08,5.689105e-12,7.152560e-01,1.000000e-60,6.908279e-10,8.407338e-06,1.285365e-08,2.065715e-05,4.324272e-01
1.149144e+03,3.846562e-04,2.666815e-08,7.864746e-08,1.243451e-01,2.385712e-07,5.747569e-02,1.381684e-05,3.635778e-06,7.650667e-20,3.310833e-15,3.142071e-10,2.190641e-11,4.208657e-05,4.056822e-02,2.047597e-02,4.025205e-02,1.384169e-08,7.820180e-04,3.494561e-10,1.386935e-07,5.254560e-05,2.494267e-13,1.335468e-05,1.128054e-09,4.036437e-04,2.579003e-07,6.880606e-04,1.214005e-09,1.143133e-04,3.658944e-08,3.168537e-16,4.224191e-13,6.289659e-12,7.225022e-10,4.567164e-13,1.711005e-07,3.958882e-08,1.770067e-07,5.496820e-12,3.978772e-16,3.007585e-08,9.898803e-15,1.397341e-16,1.717023e-09,3.878896e-11,1.390245e-08,4.981306e-12,7.143550e-01,1.000000e-60,6.597356e-10,8.303469e-06,1.193489e-08,2.036511e-05,4.399399e-01
1.137082e+03,3.795496e-04,2.316045e-08,6.574545e-08,1.253162e-01,2.007255e-07,5.670142e-02,1.304106e-05,3.630619e-06,4.365279e-20,2.187023e-15,2.428971e-10,1.694417e-11,3.854151e-05,4.213116e-02,2.020017e-02,3.970795e-02,1.161984e-08,7.737829e-04,2.890982e-10,1.290162e-07,5.195008e-05,1.899320e-13,1.317357e-05,9.123458e-10,3.984562e-04,2.205167e-07,6.822939e-04,9.929966e-10,1.127590e-04,3.605952e-08,2.556633e-16,3.675828e-13,5.684989e-12,7.134505e-10,3.851820e-13,1.679098e-07,4.039756e-08,1.746124e-07,4.944962e-12,3.071007e-16,2.966922e-08,9.172952e-15,9.539499e-17,1.693382e-09,3.823770e-11,1.371522e-08,4.378139e-12,7.134465e-01,1.000000e-60,6.353141e-10,8.197153e-06,1.115898e-08,2.007345e-05,4.475151e-01
1.124968e+03,3.743876e-04,2.019441e-08,5.515017e-08,1.262956e-01,1.695617e-07,5.592063e-02,1.233476e-05,3.623106e-06,2.522820e-20,1.457351e-15,1.886325e-10,1.316809e-11,3.532054e-05,4.370679e-02,1.992202e-02,3.915953e-02,9.769932e-09,7.652361e-04,2.399045e-10,1.206219e-07,5.134050e-05,1.448177e-13,1.299110e-05,7.393544e-10,3.931790e-04,1.886073e-07,6.760275e-04,8.148758e-10,1.111913e-04,3.553033e-08,2.074951e-16,3.209143e-13,5.155318e-12,7.042150e-10,3.258858e-13,1.647318e-07,4.115462e-08,1.721994e-07,4.464667e-12,2.375238e-16,2.925937e-08,8.550198e-15,6.570561e-17,1.669607e-09,3.768623e-11,1.352639e-08,3.862927e-12,7.125308e-01,1.000000e-60,6.166874e-10,8.088718e-06,1.050481e-08,1.978191e-05,4.551497e-01
1.112806e+03,3.691739e-04,1.767588e-08,4.641548e-08,1.272829e-01,1.438095e-07,5.513364e-02,1.169098e-05,3.612904e-06,1.476351e-20,9.794884e-16,1.471606e-10,1.028183e-11,3.239219e-05,4.529453e-02,1.964165e-02,3.860698e-02,8.226449e-09,7.564034e-04,1.996655e-10,1.133484e-07,5.071769e-05,1.105567e-13,1.280732e-05,6.002749e-10,3.878215e-04,1.613511e-07,6.693109e-04,6.708258e-10,1.096109e-04,3.500148e-08,1.691404e-16,2.810506e-13,4.690442e-12,6.948138e-10,2.765489e-13,1.615671e-07,4.186056e-08,1.697683e-07,4.045618e-12,1.840777e-16,2.884643e-08,8.019542e-15,4.565315e-17,1.645701e-09,3.713418e-11,1.333603e-08,3.421751e-12,7.116084e-01,1.000000e-60,6.031759e-10,7.978434e-06,9.954860e-09,1.949030e-05,4.628412e-01
1.100602e+03,3.639117e-04,1.552843e-08,3.918700e-08,1.282776e-01,1.224555e-07,5.434069e-02,1.110356e-05,3.599776e-06,8.745332e-21,6.638668e-16,1.153289e-10,8.065944e-12,2.972784e-05,4.689393e-02,1.935914e-02,3.805043e-02,6.936065e-09,7.473075e-04,1.666369e-10,1.070585e-07,5.008243e-05,8.450017e-14,1.262227e-05,4.881920e-10,3.823914e-04,1.380565e-07,6.621881e-04,5.539343e-10,1.080187e-04,3.447261e-08,1.383127e-16,2.468742e-13,4.281586e-12,6.852623e-10,2.353458e-13,1.584160e-07,4.251602e-08,1.673200e-07,3.679062e-12,1.429336e-16,2.843051e-08,7.571723e-15,3.199351e-17,1.621666e-09,3.658127e-11,1.314422e-08,3.042993e-12,7.106793e-01,1.000000e-60,5.942614e-10,7.866520e-06,9.494349e-09,1.919843e-05,4.705877e-01
1.088356e+03,3.586034e-04,1.368977e-08,3.318227e-08,1.292795e-01,1.046884e-07,5.354201e-02,1.056703e-05,3.583572e-06,5.241879e-21,4.536520e-16,9.079139e-11,6.357206e-12,2.730160e-05,4.850461e-02,1.907457e-02,3.749002e-02,5.855241e-09,7.379681e-04,1.394361e-10,1.016369e-07,4.943537e-05,6.465587e-14,1.243599e-05,3.976591e-10,3.768952e-04,1.181391e-07,6.546976e-04,4.587638e-10,1.064152e-04,3.394341e-08,1.133493e-16,2.174661e-13,3.921214e-12,6.755733e-10,2.008089e-13,1.552786e-07,4.312168e-08,1.648548e-07,3.357568e-12,1.111931e-16,2.801172e-08,7.199010e-15,2.260999e-17,1.597502e-09,3.602720e-11,1.295102e-08,2.716959e-12,7.097439e-01,1.000000e-60,5.895610e-10,7.753154e-06,9.110603e-09,1.890612e-05,4.783875e-01
1.076073e+03,3.532513e-04,1.210892e-08,2.817537e-08,1.302885e-01,8.985606e-08,5.273775e-02,1.007653e-05,3.564215e-06,3.177952e-21,3.124858e-16,7.179570e-11,5.033759e-12,2.509015e-05,5.012627e-02,1.878800e-02,3.692584e-02,4.948334e-09,7.284024e-04,1.169626e-10,9.698623e-08,4.877708e-05,4.952246e-14,1.224850e-05,3.243746e-10,3.713383e-04,1.011046e-07,6.468735e-04,3.810229e-10,1.048010e-04,3.341359e-08,9.301703e-17,1.920690e-13,3.602851e-12,6.657577e-10,1.717543e-13,1.521550e-07,4.367826e-08,1.623731e-07,3.074832e-12,8.665624e-17,2.759011e-08,6.895034e-15,1.611030e-17,1.573211e-09,3.547175e-11,1.275645e-08,2.435552e-12,7.088022e-01,1.000000e-60,5.888073e-10,7.638480e-06,8.792468e-09,1.861324e-05,4.862394e-01
1.063752e+03,3.478570e-04,1.074404e-08,2.398495e-08,1.313043e-01,7.743275e-08,5.192804e-02,9.627681e-06,3.541692e-06,1.947899e-21,2.169196e-16,5.702746e-11,4.004247e-12,2.307249e-05,5.175869e-02,1.849948e-02,3.635796e-02,4.186085e-09,7.186253e-04,9.833719e-11,9.302455e-08,4.810804e-05,3.796677e-14,1.205984e-05,2.649316e-10,3.657248e-04,8.653361e-08,6.387456e-04,3.173140e-10,1.031763e-04,3.288289e-08,7.638436e-17,1.700569e-13,3.320939e-12,6.558248e-10,1.472239e-13,1.490449e-07,4.418644e-08,1.598754e-07,2.825491e-12,6.765001e-17,2.716576e-08,6.654650e-15,1.157125e-17,1.548792e-09,3.491469e-11,1.256056e-08,2.192003e-12,7.078544e-01,1.000000e-60,5.918349e-10,7.522616e-06,8.529826e-09,1.831966e-05,4.941423e-01
1.051395e+03,3.424220e-04,9.560627e-09,2.046498e-08,1.323269e-01,6.699298e-08,5.111299e-02,9.216552e-06,3.516039e-06,1.206517e-21,1.517095e-16,4.549709e-11,3.199904e-12,2.122976e-05,5.340167e-02,1.820905e-02,3.578645e-02,3.544411e-09,7.086500e-04,8.285461e-11,8.968316e-08,4.742870e-05,2.913209e-14,1.187000e-05,2.166240e-10,3.600586e-04,7.406921e-08,6.303401e-04,2.649380e-10,1.015415e-04,3.235109e-08,6.273537e-17,1.509108e-13,3.070702e-12,6.457822e-10,1.264398e-13,1.459482e-07,4.464690e-08,1.573617e-07,2.604982e-12,5.289878e-17,2.673869e-08,6.473817e-15,8.375838e-18,1.524245e-09,3.435584e-11,1.236338e-08,1.980642e-12,7.069006e-01,1.000000e-60,5.985710e-10,7.405656e-06,8.313182e-09,1.802525e-05,5.020955e-01
1.039003e+03,3.369475e-04,8.530130e-09,1.749743e-08,1.333560e-01,5.819133e-08,5.029267e-02,8.839583e-06,3.487330e-06,7.547724e-22,1.068669e-16,3.645659e-11,2.568762e-12,1.954506e-05,5.505510e-02,1.791674e-02,3.521135e-02,3.003440e-09,6.984878e-04,6.994702e-11,8.690455e-08,4.673942e-05,2.236974e-14,1.167901e-05,1.772962e-10,3.543425e-04,6.340727e-08,6.216801e-04,2.217440e-10,9.989680e-05,3.181797e-08,5.151115e-17,1.341990e-13,2.848028e-12,6.356366e-10,1.087681e-13,1.428648e-07,4.506027e-08,1.548324e-07,2.409409e-12,4.142790e-17,2.630894e-08,6.349506e-15,6.108481e-18,1.499569e-09,3.379502e-11,1.216492e-08,1.796715e-12,7.059408e-01,1.000000e-60,6.090310e-10,7.287675e-06,8.133345e-09,1.772991e-05,5.100984e-01
1.026576e+03,3.314344e-04,7.628853e-09,1.498660e-08,1.343918e-01,5.074643e-08,4.946714e-02,8.493532e-06,3.455673e-06,4.766016e-22,7.579618e-17,2.933837e-11,2.071386e-12,1.800321e-05,5.671886e-02,1.762258e-02,3.463268e-02,2.546731e-09,6.881487e-04,5.915565e-11,8.464081e-08,4.604053e-05,1.718779e-14,1.148687e-05,1.452270e-10,3.485789e-04,5.428795e-08,6.127860e-04,1.860125e-10,9.824243e-05,3.128335e-08,4.226932e-17,1.195614e-13,2.649378e-12,6.253933e-10,9.369090e-14,1.397944e-07,4.542711e-08,1.522874e-07,2.235438e-12,3.249109e-17,2.587653e-08,6.279627e-15,4.487108e-18,1.474763e-09,3.323207e-11,1.196519e-08,1.636222e-12,7.049751e-01,1.000000e-60,6.233185e-10,7.168732e-06,7.981213e-09,1.743356e-05,5.181507e-01
1.014113e+03,3.258835e-04,6.837053e-09,1.285468e-08,1.354340e-01,4.442841e-08,4.863645e-02,8.175431e-06,3.421194e-06,3.035744e-22,5.410833e-17,2.371011e-11,1.677739e-12,1.659064e-05,5.839289e-02,1.732657e-02,3.405048e-02,2.160653e-09,6.776413e-04,5.010856e-11,8.285236e-08,4.533229e-05,1.321265e-14,1.129357e-05,1.190377e-10,3.427698e-04,4.648893e-08,6.036755e-04,1.563650e-10,9.657848e-05,3.074707e-08,3.465550e-17,1.066968e-13,2.471699e-12,6.150570e-10,8.078372e-14,1.367366e-07,4.574794e-08,1.497270e-07,2.080211e-12,2.551574e-17,2.544148e-08,6.262976e-15,3.318815e-18,1.449826e-09,3.266685e-11,1.176422e-08,1.495796e-12,7.040035e-01,1.000000e-60,6.416300e-10,7.048877e-06,7.847663e-09,1.713610e-05,5.262521e-01
1.001615e+03,3.202952e-04,6.138236e-09,1.103819e-08,1.364827e-01,3.904895e-08,4.780062e-02,7.882549e-06,3.384036e-06,1.949067e-22,3.886110e-17,1.924124e-11,1.364849e-12,1.529518e-05,6.007717e-02,1.702873e-02,3.346474e-02,1.833877e-09,6.669734e-04,4.250332e-11,8.150690e-08,4.461494e-05,1.016024e-14,1.109913e-05,9.762164e-11,3.369167e-04,3.981975e-08,5.943644e-04,1.316929e-10,9.490507e-05,3.020896e-08,2.838295e-17,9.535272e-14,2.312353e-12,6.046315e-10,6.969778e-14,1.336914e-07,4.602319e-08,1.471510e-07,1.941266e-12,2.006160e-17,2.500380e-08,6.299202e-15,2.470696e-18,1.424756e-09,3.209923e-11,1.156200e-08,1.372592e-12,7.030260e-01,1.000000e-60,6.642665e-10,6.928145e-06,7.723578e-09,1.683746e-05,5.344025e-01
9.890789e+02,3.146702e-04,5.518582e-09,9.485181e-09,1.375379e-01,3.445331e-08,4.695965e-02,7.612359e-06,3.344348e-06,1.260340e-22,2.806735e-17,1.567812e-11,1.115085e-12,1.410590e-05,6.177166e-02,1.672906e-02,3.287546e-02,1.556965e-09,6.561514e-04,3.609303e-11,8.057885e-08,4.388868e-05,7.814139e-15,1.090354e-05,8.008737e-11,3.310210e-04,3.411710e-08,5.848665e-04,1.111022e-10,9.322225e-05,2.966888e-08,2.321765e-17,8.531649e-14,2.169056e-12,5.941199e-10,6.014544e-14,1.306584e-07,4.625324e-08,1.445596e-07,1.816477e-12,1.578940e-17,2.456348e-08,6.388793e-15,1.850524e-18,1.399553e-09,3.152910e-11,1.135854e-08,1.264202e-12,7.020426e-01,1.000000e-60,6.916524e-10,6.806566e-06,7.599991e-09,1.653757e-05,5.426019e-01
9.765021e+02,3.090086e-04,4.966482e-09,8.153079e-09,1.385995e-01,3.051403e-08,4.611356e-02,7.362517e-06,3.302283e-06,8.200839e-23,2.037523e-17,1.282537e-11,9.148610e-13,1.301304e-05,6.347640e-02,1.642756e-02,3.228265e-02,1.322041e-09,6.451811e-04,3.067580e-11,8.004813e-08,4.315368e-05,6.009360e-15,1.070680e-05,6.571593e-11,3.250836e-04,2.924093e-08,5.751940e-04,9.387001e-11,9.153005e-05,2.912670e-08,1.896748e-17,7.640894e-14,2.039830e-12,5.835250e-10,5.188914e-14,1.276374e-07,4.643838e-08,1.419526e-07,1.704007e-12,1.243732e-17,2.412052e-08,6.533019e-15,1.393823e-18,1.374213e-09,3.095633e-11,1.115384e-08,1.168581e-12,7.010533e-01,1.000000e-60,7.243556e-10,6.684161e-06,7.468308e-09,1.623636e-05,5.508504e-01
9.638832e+02,3.033108e-04,4.472175e-09,7.006894e-09,1.396676e-01,2.712585e-08,4.526232e-02,7.130835e-06,3.257993e-06,5.364228e-23,1.485848e-17,1.053194e-11,7.536687e-13,1.200784e-05,6.519140e-02,1.612424e-02,3.168629e-02,1.122533e-09,6.340676e-04,2.608618e-11,7.989897e-08,4.241008e-05,4.620052e-15,1.050890e-05,5.392642e-11,3.191053e-04,2.507112e-08,5.653575e-04,7.941047e-11,8.982848e-05,2.858229e-08,1.547400e-17,6.847863e-14,1.922955e-12,5.728489e-10,4.473263e-14,1.246283e-07,4.657882e-08,1.393301e-07,1.602256e-12,9.803079e-18,2.367492e-08,6.733841e-15,1.055190e-18,1.348736e-09,3.038082e-11,1.094790e-08,1.083989e-12,7.000582e-01,1.000000e-60,7.631112e-10,6.560947e-06,7.320620e-09,1.593377e-05,5.591482e-01
9.512204e+02,2.975768e-04,4.027446e-09,6.017820e-09,1.407421e-01,2.420161e-08,4.440593e-02,6.915271e-06,3.211628e-06,3.523391e-23,1.087798e-17,8.680623e-12,6.233510e-13,1.108244e-05,6.691672e-02,1.581908e-02,3.108637e-02,9.529402e-10,6.228152e-04,2.218820e-11,8.011939e-08,4.165799e-05,3.550002e-15,1.030982e-05,4.424808e-11,3.130867e-04,2.150470e-08,5.553665e-04,6.724748e-11,8.811753e-05,2.803554e-08,1.260602e-17,6.139737e-14,1.816935e-12,5.620933e-10,3.851327e-14,1.216308e-07,4.667472e-08,1.366920e-07,1.509833e-12,7.729940e-18,2.322665e-08,6.993849e-15,8.024405e-19,1.323119e-09,2.980249e-11,1.074071e-08,1.008940e-12,6.990571e-01,1.000000e-60,8.088560e-10,6.436934e-06,7.150067e-09,1.562975e-05,5.674956e-01
9.385120e+02,2.918067e-04,3.625384e-09,5.162090e-09,1.418232e-01,2.166898e-08,4.354435e-02,6.713911e-06,3.163328e-06,2.321128e-23,7.989688e-18,7.180142e-12,5.175519e-13,1.022979e-05,6.865241e-02,1.551207e-02,3.048285e-02,8.086537e-10,6.114278e-04,1.886983e-11,8.070068e-08,4.089750e-05,2.725551e-15,1.010958e-05,3.629848e-11,3.070282e-04,1.845344e-08,5.452293e-04,5.699295e-11,8.639715e-05,2.748634e-08,1.025467e-17,5.505640e-14,1.720465e-12,5.512595e-10,3.309601e-14,1.186447e-07,4.672613e-08,1.340380e-07,1.425525e-12,6.096232e-18,2.277570e-08,7.316145e-15,6.125987e-19,1.297360e-09,2.922122e-11,1.053227e-08,9.421609e-13,6.980500e-01,1.000000e-60,8.627586e-10,6.312129e-06,6.951190e-09,1.532425e-05,5.758929e-01
9.257563e+02,2.860004e-04,3.260186e-09,4.420065e-09,1.429109e-01,1.946783e-08,4.267754e-02,6.524962e-06,3.113229e-06,1.531636e-23,5.883003e-18,5.959184e-12,4.313017e-13,9.443540e-06,7.039856e-02,1.520321e-02,2.987571e-02,6.858065e-10,5.999085e-04,1.603860e-11,8.163677e-08,4.012869e-05,2.090233e-15,9.908140e-06,2.976632e-11,3.009300e-04,1.584182e-08,5.349531e-04,4.832982e-11,8.466728e-05,2.693458e-08,8.329505e-18,4.936340e-14,1.632406e-12,5.403487e-10,2.836862e-14,1.156699e-07,4.673306e-08,1.313682e-07,1.348271e-12,4.807317e-18,2.232204e-08,7.704154e-15,4.691563e-19,1.271457e-09,2.863692e-11,1.032256e-08,8.825603e-13,6.970368e-01,1.000000e-60,9.262313e-10,6.186537e-06,6.720214e-09,1.501720e-05,5.843404e-01
9.129511e+02,2.801578e-04,2.927002e-09,3.775485e-09,1.440051e-01,1.754803e-08,4.180547e-02,6.346746e-06,3.061456e-06,1.010915e-23,4.339196e-18,4.961807e-12,3.606995e-13,8.718004e-06,7.215526e-02,1.489247e-02,2.926491e-02,5.811510e-10,5.882602e-04,1.361802e-11,8.292347e-08,3.935161e-05,1.600698e-15,9.705503e-06,2.439763e-11,2.947922e-04,1.360526e-08,5.245442e-04,4.099821e-11,8.292784e-05,2.638015e-08,6.755344e-18,4.423986e-14,1.551760e-12,5.293616e-10,2.423764e-14,1.127064e-07,4.669542e-08,1.286823e-07,1.277146e-12,3.789432e-18,2.186566e-08,8.161322e-15,3.601701e-19,1.245408e-09,2.804952e-11,1.011158e-08,8.291975e-13,6.960176e-01,1.000000e-60,1.000902e-09,6.060157e-06,6.455235e-09,1.470856e-05,5.928388e-01
9.000945e+02,2.742788e-04,2.621800e-09,3.214866e-09,1.451061e-01,1.586773e-08,4.092808e-02,6.177692e-06,3.008123e-06,6.663608e-24,3.203219e-18,4.143980e-12,3.026728e-13,8.048052e-06,7.392262e-02,1.457984e-02,2.865043e-02,4.919572e-10,5.764854e-04,1.154479e-11,8.455758e-08,3.856630e-05,1.223625e-15,9.501652e-06,1.998488e-11,2.886148e-04,1.168858e-08,5.140082e-04,3.478455e-11,8.117873e-05,2.582297e-08,5.469779e-18,3.961895e-14,1.477654e-12,5.182987e-10,2.062517e-14,1.097540e-07,4.661307e-08,1.259802e-07,1.211343e-12,2.984969e-18,2.140652e-08,8.690688e-15,2.769429e-19,1.219209e-09,2.745893e-11,9.899322e-09,7.812601e-13,6.949923e-01,1.000000e-60,1.088524e-09,5.932988e-06,6.156276e-09,1.439829e-05,6.013885e-01
8.871843e+02,2.683631e-04,2.341262e-09,2.727007e-09,1.462138e-01,1.439190e-08,4.004532e-02,6.016340e-06,2.953338e-06,4.379455e-24,2.364456e-18,3.470921e-12,2.547923e-13,7.429060e-06,7.570073e-02,1.426530e-02,2.803221e-02,4.159278e-10,5.645862e-04,9.766391e-12,8.653579e-08,3.777279e-05,9.333648e-16,9.296573e-06,1.635819e-11,2.823979e-04,1.004474e-08,5.033501e-04,2.951274e-11,7.941983e-05,2.526294e-08,4.421082e-18,3.544374e-14,1.409321e-12,5.071604e-10,1.746614e-14,1.068126e-07,4.648579e-08,1.232617e-07,1.150159e-12,2.348850e-18,2.094460e-08,9.294320e-15,2.130996e-19,1.192860e-09,2.686505e-11,9.685763e-09,7.380449e-13,6.939607e-01,1.000000e-60,1.190793e-09,5.805027e-06,5.825205e-09,1.408634e-05,6.099900e-01
8.742181e+02,2.624106e-04,2.082694e-09,2.302567e-09,1.473284e-01,1.309118e-08,3.915714e-02,5.861335e-06,2.897195e-06,2.864666e-24,1.743472e-18,2.915041e-12,2.151303e-13,6.856853e-06,7.748971e-02,1.394883e-02,2.741023e-02,3.511269e-10,5.525644e-04,8.239245e-12,8.885338e-08,3.697110e-05,7.101473e-16,9.090253e-06,1.337821e-11,2.761413e-04,8.633636e-09,4.925741e-04,2.503702e-11,7.765103e-05,2.469996e-08,3.566454e-18,3.166563e-14,1.346086e-12,4.959470e-10,1.470600e-14,1.038823e-07,4.631333e-08,1.205266e-07,1.092986e-12,1.845719e-18,2.047986e-08,9.972598e-15,1.639361e-19,1.166357e-09,2.626783e-11,9.470894e-09,6.989409e-13,6.929228e-01,1.000000e-60,1.309074e-09,5.676271e-06,5.465551e-09,1.377267e-05,6.186439e-01
8.611936e+02,2.564209e-04,1.843949e-09,1.933734e-09,1.484498e-01,1.194089e-08,3.826347e-02,5.711428e-06,2.839780e-06,1.861432e-24,1.282872e-18,2.454385e-12,1.821515e-13,6.327654e-06,7.928970e-02,1.363042e-02,2.678443e-02,2.959213e-10,5.404217e-04,6.927122e-12,9.150266e-08,3.616124e-05,5.387157e-16,8.882675e-06,1.093056e-11,2.698447e-04,7.421162e-09,4.816839e-04,2.123629e-11,7.587218e-05,2.413394e-08,2.870614e-18,2.824313e-14,1.287354e-12,4.846584e-10,1.229890e-14,1.009630e-07,4.609534e-08,1.177748e-07,1.039302e-12,1.447794e-18,2.001228e-08,1.072343e-14,1.259592e-19,1.139698e-09,2.566716e-11,9.254700e-09,6.634160e-13,6.918786e-01,1.000000e-60,1.444053e-09,5.546712e-06,5.082207e-09,1.345723e-05,6.273508e-01
8.481083e+02,2.503937e-04,1.623361e-09,1.613931e-09,1.495782e-01,1.092022e-08,3.736426e-02,5.565482e-06,2.781170e-06,1.199073e-24,9.409251e-19,2.071406e-12,1.546282e-13,5.838035e-06,8.110082e-02,1.331003e-02,2.615477e-02,2.489292e-10,5.281593e-04,5.799861e-12,9.447104e-08,3.534320e-05,4.072813e-16,8.673823e-06,8.921146e-12,2.635080e-04,6.378337e-09,4.706828e-04,1.800943e-11,7.408311e-05,2.356481e-08,2.304541e-18,2.514068e-14,1.232599e-12,4.732945e-10,1.020598e-14,9.805481e-08,4.583145e-08,1.150061e-07,9.886629e-13,1.133194e-18,1.954181e-08,1.154144e-14,9.655737e-20,1.112879e-09,2.506300e-11,9.037167e-09,6.310057e-13,6.908279e-01,1.000000e-60,1.595355e-09,5.416343e-06,4.681090e-09,1.313999e-05,6.361114e-01
8.349596e+02,2.443286e-04,1.419678e-09,1.337572e-09,1.507137e-01,1.001160e-08,3.645944e-02,5.422469e-06,2.721433e-06,7.640912e-25,6.871017e-19,1.752026e-12,1.315754e-13,5.384880e-06,8.292320e-02,1.298764e-02,2.552120e-02,2.089794e-10,5.157785e-04,4.832298e-12,9.773898e-08,3.451699e-05,3.067262e-16,8.463681e-06,7.272538e-12,2.571308e-04,5.480570e-09,4.595734e-04,1.527153e-11,7.228367e-05,2.299248e-08,1.844452e-18,2.232770e-14,1.181357e-12,4.618551e-10,8.394006e-15,9.515769e-08,4.552124e-08,1.122201e-07,9.406942e-13,8.846519e-19,1.906842e-08,1.241727e-14,7.376519e-20,1.085899e-09,2.445524e-11,8.818278e-09,6.013030e-13,6.897707e-01,1.000000e-60,1.761225e-09,5.285158e-06,4.268774e-09,1.282090e-05,6.449264e-01
8.217445e+02,2.382253e-04,1.232001e-09,1.099862e-09,1.518563e-01,9.200147e-09,3.554892e-02,5.281476e-06,2.660628e-06,4.805506e-25,4.989402e-19,1.484910e-12,1.121997e-13,4.965350e-06,8.475701e-02,1.266324e-02,2.488367e-02,1.750752e-10,5.032800e-04,4.003368e-12,1.012778e-07,3.368259e-05,2.299929e-16,8.252228e-06,5.920956e-12,2.507126e-04,4.707035e-09,4.483583e-04,1.295096e-11,7.047367e-05,2.241685e-08,1.470920e-18,1.977780e-14,1.133216e-12,4.503398e-10,6.834197e-15,9.227171e-08,4.516423e-08,1.094167e-07,8.950880e-13,6.885145e-19,1.859207e-08,1.333718e-14,5.609379e-20,1.058755e-09,2.384383e-11,8.598014e-09,5.739511e-13,6.887069e-01,1.000000e-60,1.938340e-09,5.153144e-06,3.852137e-09,1.249993e-05,6.537966e-01
8.084600e+02,2.320832e-04,1.059723e-09,8.966164e-10,1.530062e-01,8.473192e-09,3.463263e-02,5.141704e-06,2.598804e-06,2.975815e-25,3.598152e-19,1.260886e-12,9.585963e-14,4.576844e-06,8.660242e-02,1.233678e-02,2.424211e-02,1.463651e-10,4.906647e-04,3.295332e-12,1.050474e-07,3.283999e-05,1.716154e-16,8.039446e-06,4.813819e-12,2.442532e-04,4.040091e-09,4.370392e-04,1.098677e-11,6.865289e-05,2.183784e-08,1.168098e-18,1.746801e-14,1.087807e-12,4.387479e-10,5.501180e-15,8.939689e-08,4.475993e-08,1.065957e-07,8.515943e-13,5.339660e-19,1.811271e-08,1.428298e-14,4.240702e-20,1.031443e-09,2.322867e-11,8.376355e-09,5.486359e-13,6.876364e-01,1.000000e-60,2.121835e-09,5.020293e-06,3.438034e-09,1.217703e-05,6.627227e-01
7.951030e+02,2.259017e-04,9.024567e-10,7.241279e-10,1.541634e-01,7.819955e-09,3.371048e-02,5.002475e-06,2.536006e-06,1.809955e-25,2.573601e-19,1.072518e-12,8.203548e-14,4.216986e-06,8.845960e-02,1.200823e-02,2.359647e-02,1.221190e-10,4.779329e-04,2.693150e-12,1.089948e-07,3.198918e-05,1.273600e-16,7.825313e-06,3.907796e-12,2.377518e-04,3.464848e-09,4.256177e-04,9.326922e-12,6.682111e-05,2.125537e-08,9.231085e-19,1.537826e-14,1.044806e-12,4.270789e-10,4.372150e-15,8.653329e-08,4.430779e-08,1.037566e-07,8.100164e-13,4.124271e-19,1.763030e-08,1.523253e-14,3.183233e-20,1.003960e-09,2.260970e-11,8.153281e-09,5.250812e-13,6.865590e-01,1.000000e-60,2.305568e-09,4.886592e-06,3.033035e-09,1.185216e-05,6.717056e-01
7.816702e+02,2.196804e-04,7.599612e-10,5.790381e-10,1.553282e-01,7.231196e-09,3.278237e-02,4.863226e-06,2.472269e-06,1.078460e-25,1.823251e-19,9.137412e-13,7.030411e-14,3.883590e-06,9.032874e-02,1.167757e-02,2.294667e-02,1.017065e-10,4.650852e-04,2.183905e-12,1.130527e-07,3.113012e-05,9.394686e-17,7.609807e-06,3.167150e-12,2.312080e-04,2.968708e-09,4.140950e-04,7.926571e-12,6.497812e-05,2.066933e-08,7.254607e-19,1.349074e-14,1.003917e-12,4.153319e-10,3.426134e-15,8.368096e-08,4.380726e-08,1.008993e-07,7.702031e-13,3.170799e-19,1.714479e-08,1.616076e-14,2.369417e-20,9.763036e-10,2.198682e-11,7.928770e-09,5.030434e-13,6.854748e-01,1.000000e-60,2.482595e-09,4.752028e-06,2.643189e-09,1.152527e-05,6.807462e-01
7.681579e+02,2.134187e-04,6.320651e-10,4.582566e-10,1.565005e-01,6.698995e-09,3.184822e-02,4.723510e-06,2.407623e-06,6.280466e-26,1.277637e-19,7.796006e-13,6.032043e-14,3.574647e-06,9.221003e-02,1.134476e-02,2.229266e-02,8.458150e-11,4.521216e-04,1.756349e-12,1.171395e-07,3.026282e-05,6.883735e-17,7.392905e-06,2.562424e-12,2.246212e-04,2.541024e-09,4.024723e-04,6.746951e-12,6.312366e-05,2.007966e-08,5.666125e-19,1.178955e-14,9.648813e-13,4.035062e-10,2.643455e-15,8.083994e-08,4.325777e-08,9.802353e-08,7.320428e-13,2.425018e-19,1.665614e-08,1.704112e-14,1.746594e-20,9.484699e-10,2.135997e-11,7.702799e-09,4.823077e-13,6.843835e-01,1.000000e-60,2.645786e-09,4.616589e-06,2.273856e-09,1.119633e-05,6.898455e-01
7.545628e+02,2.071159e-04,5.185837e-10,3.588907e-10,1.576805e-01,6.216524e-09,3.090793e-02,4.582991e-06,2.342094e-06,3.564202e-26,8.843950e-20,6.660291e-13,5.180188e-14,3.288303e-06,9.410365e-02,1.100977e-02,2.163437e-02,7.026825e-11,4.390425e-04,1.400506e-12,1.211603e-07,2.938728e-05,5.006758e-17,7.174586e-06,2.069330e-12,2.179908e-04,2.172763e-09,3.907502e-04,5.754382e-12,6.125752e-05,1.948626e-08,4.395734e-19,1.026027e-14,9.274617e-13,3.916008e-10,2.005325e-15,7.801029e-08,4.265871e-08,9.512889e-08,6.954543e-13,1.843747e-19,1.616428e-08,1.784741e-14,1.273398e-20,9.204559e-10,2.072907e-11,7.475345e-09,4.626846e-13,6.832851e-01,1.000000e-60,2.788470e-09,4.480261e-06,1.929563e-09,1.086530e-05,6.990044e-01
7.408809e+02,2.007716e-04,4.192439e-10,2.782097e-10,1.588684e-01,5.777885e-09,2.996142e-02,4.441435e-06,2.275701e-06,1.967538e-26,6.039607e-20,5.696783e-13,4.451637e-14,3.022849e-06,9.600978e-02,1.067257e-02,2.097173e-02,5.835073e-11,4.258480e-04,1.107369e-12,1.250100e-07,2.850349e-05,3.612052e-17,6.954827e-06,1.667850e-12,2.113162e-04,1.856228e-09,3.789295e-04,4.919572e-12,5.937947e-05,1.888905e-08,3.385951e-19,8.889679e-15,8.914466e-13,3.796148e-10,1.493633e-15,7.519209e-08,4.200952e-08,9.221514e-08,6.603801e-13,1.392581e-19,1.566917e-08,1.855558e-14,9.171264e-21,8.922585e-10,2.009405e-11,7.246388e-09,4.440071e-13,6.821794e-01,1.000000e-60,2.905017e-09,4.343032e-06,1.613898e-09,1.053213e-05,7.082237e-01
7.271085e+02,1.943850e-04,3.336194e-10,2.136295e-10,1.600642e-01,5.377968e-09,2.900858e-02,4.298701e-06,2.208460e-06,1.053706e-26,4.064289e-20,4.877814e-13,3.827258e-14,2.776705e-06,9.792863e-02,1.033311e-02,2.030467e-02,4.846460e-11,4.125380e-04,8.686757e-13,1.285764e-07,2.761148e-05,2.582641e-17,6.733607e-06,1.341485e-12,2.045968e-04,1.584806e-09,3.670105e-04,4.217082e-12,5.748926e-05,1.828796e-08,2.589204e-19,7.665489e-15,8.566446e-13,3.675473e-10,1.090890e-15,7.238540e-08,4.130959e-08,8.928200e-08,6.267769e-13,1.044095e-19,1.517077e-08,1.914547e-14,6.517803e-21,8.638747e-10,1.945483e-11,7.015905e-09,4.261279e-13,6.810663e-01,1.000000e-60,2.991256e-09,4.204888e-06,1.329428e-09,1.019679e-05,7.175045e-01
7.132415e+02,1.879555e-04,2.610840e-10,1.627155e-10,1.612681e-01,5.012332e-09,2.804932e-02,4.154724e-06,2.140381e-06,5.456706e-27,2.692305e-20,4.180433e-13,3.291190e-14,2.548408e-06,9.986038e-02,9.991378e-03,1.963314e-02,4.029072e-11,3.991126e-04,6.767691e-13,1.317460e-07,2.671125e-05,1.828536e-17,6.510901e-06,1.076630e-12,1.978319e-04,1.352754e-09,3.549935e-04,3.624917e-12,5.558666e-05,1.768291e-08,1.965844e-19,6.576161e-15,8.228820e-13,3.553973e-10,7.803318e-16,6.959024e-08,4.055836e-08,8.632915e-08,5.946078e-13,7.764210e-20,1.466903e-08,1.960202e-14,4.566219e-21,8.353012e-10,1.881134e-11,6.783872e-09,4.089174e-13,6.799458e-01,1.000000e-60,3.044697e-09,4.065816e-06,1.077651e-09,9.859239e-06,7.268475e-01
6.992754e+02,1.814824e-04,2.007950e-10,1.232043e-10,1.624802e-01,4.677108e-09,2.708353e-02,4.009498e-06,2.071470e-06,2.746205e-27,1.754153e-20,3.585546e-13,2.830234e-14,2.336605e-06,1.018053e-01,9.647319e-03,1.895704e-02,3.355058e-11,3.855713e-04,5.245351e-13,1.344091e-07,2.580284e-05,1.280720e-17,6.286684e-06,8.620781e-13,1.910208e-04,1.155029e-09,3.428784e-04,3.124226e-12,5.367141e-05,1.707380e-08,1.482712e-19,5.610800e-15,7.900018e-13,3.431635e-10,5.461333e-16,6.680663e-08,3.975523e-08,8.335625e-08,5.638354e-13,5.721352e-20,1.416387e-08,1.991594e-14,3.151108e-21,8.065344e-10,1.816350e-11,6.550261e-09,3.922615e-13,6.788177e-01,1.000000e-60,3.064549e-09,3.925798e-06,8.589960e-10,9.519434e-06,7.362540e-01
6.852053e+02,1.749649e-04,1.517001e-10,9.302616e-11,1.637007e-01,4.368913e-09,2.611108e-02,3.863060e-06,2.001729e-06,1.326256e-27,1.123476e-20,3.077192e-13,2.433320e-14,2.140044e-06,1.037635e-01,9.300890e-03,1.827629e-02,2.800240e-11,3.719134e-04,4.053966e-13,1.364653e-07,2.488624e-05,8.864541e-18,6.060925e-06,6.885921e-13,1.841626e-04,9.871451e-10,3.306648e-04,2.699019e-12,5.174320e-05,1.646055e-08,1.111983e-19,4.759028e-15,7.578606e-13,3.308444e-10,3.736813e-16,6.403449e-08,3.889960e-08,8.036288e-08,5.344146e-13,4.173604e-20,1.365524e-08,2.008376e-14,2.140915e-21,7.775702e-10,1.751121e-11,6.315042e-09,3.760599e-13,6.776818e-01,1.000000e-60,3.051572e-09,3.784817e-06,6.728461e-10,9.177324e-06,7.457253e-01
6.710257e+02,1.684018e-04,1.125787e-10,7.033355e-11,1.649297e-01,4.084783e-09,2.513180e-02,3.715472e-06,1.931152e-06,6.162121e-28,7.071528e-21,2.642008e-13,2.091129e-14,1.957568e-06,1.057355e-01,8.952036e-03,1.759077e-02,2.343814e-11,3.581377e-04,3.133592e-13,1.378286e-07,2.396144e-05,6.056231e-18,5.833586e-06,5.485698e-13,1.772562e-04,8.450776e-10,3.183516e-04,2.335932e-12,4.980168e-05,1.584305e-08,8.304060e-20,4.010991e-15,7.263286e-13,3.184382e-10,2.498571e-16,6.127369e-08,3.799086e-08,7.734857e-08,5.062894e-13,3.010645e-20,1.314305e-08,2.010724e-14,1.431846e-21,7.484038e-10,1.685437e-11,6.078176e-09,3.602248e-13,6.765379e-01,1.000000e-60,3.007799e-09,3.642849e-06,5.176477e-10,8.832850e-06,7.552628e-01
6.567306e+02,1.617919e-04,8.209894e-11,5.351755e-11,1.661676e-01,3.822104e-09,2.414552e-02,3.566804e-06,1.859732e-06,2.838221e-28,4.375179e-21,2.268761e-13,1.795764e-14,1.788109e-06,1.077216e-01,8.600688e-03,1.690036e-02,1.968055e-11,3.442426e-04,2.430645e-13,1.384309e-07,2.302840e-05,4.078761e-18,5.604625e-06,4.357599e-13,1.703002e-04,7.251910e-10,3.059377e-04,2.023945e-12,4.784645e-05,1.522116e-08,6.186458e-20,3.357306e-15,6.952874e-13,3.059426e-10,1.632485e-16,5.852400e-08,3.702836e-08,7.431273e-08,4.793891e-13,2.144943e-20,1.262720e-08,1.999244e-14,9.429046e-22,7.190294e-10,1.619284e-11,5.839617e-09,3.446790e-13,6.753859e-01,1.000000e-60,2.936214e-09,3.499868e-06,3.910437e-10,8.485943e-06,7.648685e-01
6.423132e+02,1.551337e-04,5.889115e-11,4.121692e-11,1.674145e-01,3.578563e-09,2.315201e-02,3.417120e-06,1.787454e-06,1.188224e-28,2.662671e-21,1.947999e-13,1.540511e-14,1.630684e-06,1.097223e-01,8.246769e-03,1.620490e-02,1.658037e-11,3.302258e-04,1.898440e-13,1.382236e-07,2.208706e-05,2.703977e-18,5.373988e-06,3.450337e-13,1.632932e-04,6.242045e-10,2.934210e-04,1.754111e-12,4.587705e-05,1.459475e-08,4.608170e-20,2.789093e-15,6.646296e-13,2.933550e-10,1.042739e-16,5.578512e-08,3.601140e-08,7.125468e-08,4.536286e-13,1.507270e-20,1.210757e-08,1.974849e-14,6.118651e-22,6.894403e-10,1.552648e-11,5.599312e-09,3.293553e-13,6.742255e-01,1.000000e-60,2.840404e-09,3.355841e-06,2.900721e-10,8.136525e-06,7.745444e-01
6.277662e+02,1.484255e-04,4.162037e-11,3.231309e-11,1.686708e-01,3.352098e-09,2.215101e-02,3.266473e-06,1.714299e-06,5.019384e-29,1.596066e-21,1.671770e-13,1.319653e-14,1.484391e-06,1.117380e-01,7.890188e-03,1.550421e-02,1.401345e-11,3.160846e-04,1.497466e-13,1.371781e-07,2.113732e-05,1.761642e-18,5.141618e-06,2.721945e-13,1.562334e-04,5.391727e-10,2.807993e-04,1.519265e-12,4.389295e-05,1.396364e-08,3.440542e-20,2.297986e-15,6.342580e-13,2.806721e-10,6.518338e-17,5.305669e-08,3.493922e-08,6.817365e-08,4.289093e-13,1.043099e-20,1.158404e-08,1.938636e-14,3.918068e-22,6.596290e-10,1.485511e-11,5.357200e-09,3.141949e-13,6.730563e-01,1.000000e-60,2.724256e-09,3.210732e-06,2.113872e-10,7.784505e-06,7.842930e-01
6.130814e+02,1.416653e-04,2.904840e-11,2.591225e-11,1.699369e-01,3.140845e-09,2.114225e-02,3.114894e-06,1.640242e-06,1.925878e-29,9.441428e-22,1.433368e-13,1.128307e-14,1.348397e-06,1.137693e-01,7.530844e-03,1.479809e-02,1.187760e-11,3.018157e-04,1.195296e-13,1.352848e-07,2.017905e-05,1.125819e-18,4.907448e-06,2.138180e-13,1.491187e-04,4.674726e-10,2.680696e-04,1.313714e-12,4.189356e-05,1.332766e-08,2.581026e-20,1.876118e-15,6.040844e-13,2.678905e-10,3.994574e-17,5.033825e-08,3.381100e-08,6.506874e-08,4.051207e-13,7.096925e-21,1.105646e-08,1.891780e-14,2.480850e-22,6.295868e-10,1.417855e-11,5.113213e-09,2.991467e-13,6.718781e-01,1.000000e-60,2.591705e-09,3.064499e-06,1.514808e-10,7.429780e-06,7.941172e-01
5.982501e+02,1.348512e-04,2.008350e-11,2.132220e-11,1.712131e-01,2.943122e-09,2.012541e-02,2.962396e-06,1.565255e-06,9.501894e-30,5.525951e-22,1.227168e-13,9.623269e-15,1.221947e-06,1.158168e-01,7.168626e-03,1.408632e-02,1.008983e-11,2.874154e-04,9.662014e-14,1.325494e-07,1.921209e-05,7.042775e-19,4.671405e-06,1.671213e-13,1.419470e-04,4.068134e-10,2.552287e-04,1.132974e-12,3.987826e-05,1.268659e-08,1.949697e-20,1.516197e-15,5.740299e-13,2.550064e-10,2.405467e-17,4.762934e-08,3.262582e-08,6.193901e-08,3.821455e-13,4.737800e-21,1.052466e-08,1.835444e-14,1.557459e-22,5.993044e-10,1.349657e-11,4.867274e-09,2.841664e-13,6.706904e-01,1.000000e-60,2.446526e-09,2.917097e-06,1.069158e-10,7.072240e-06,8.040199e-01
5.832629e+02,1.279808e-04,1.380399e-11,1.801886e-11,1.724999e-01,2.757366e-09,1.910015e-02,2.808968e-06,1.489306e-06,3.425191e-31,3.209501e-22,1.048431e-13,8.181769e-15,1.104345e-06,1.178813e-01,6.803412e-03,1.336867e-02,8.583186e-12,2.728794e-04,7.903907e-14,1.289907e-07,1.823625e-05,4.302258e-19,4.433411e-06,1.298480e-13,1.347159e-04,3.552148e-10,2.422730e-04,9.734958e-13,3.784636e-05,1.204024e-08,1.485248e-20,1.211421e-15,5.440233e-13,2.420154e-10,1.427282e-17,4.492943e-08,3.138271e-08,5.878340e-08,3.598620e-13,3.096484e-21,9.988456e-09,1.770724e-14,9.724066e-23,5.687717e-10,1.280896e-11,4.619302e-09,2.692157e-13,6.694930e-01,1.000000e-60,2.292223e-09,2.768476e-06,7.448566e-11,6.711765e-06,8.140045e-01
5.681101e+02,1.210517e-04,9.467393e-12,1.561586e-11,1.737977e-01,2.582123e-09,1.806612e-02,2.654584e-06,1.412357e-06,1.667267e-30,1.855275e-22,8.931841e-14,6.928603e-15,9.949563e-07,1.199635e-01,6.435074e-03,1.264488e-02,7.304221e-12,2.582033e-04,6.531265e-14,1.246366e-07,1.725129e-05,2.559307e-19,4.193382e-06,1.001745e-13,1.274228e-04,3.110048e-10,2.291983e-04,8.324625e-13,3.579713e-05,1.138836e-08,1.141756e-20,9.555317e-16,5.140010e-13,2.289130e-10,8.367586e-18,4.223799e-08,3.008057e-08,5.560081e-08,3.381488e-13,1.976159e-21,9.447671e-09,1.698613e-14,6.056582e-23,5.379779e-10,1.211547e-11,4.369209e-09,2.542613e-13,6.682853e-01,1.000000e-60,2.131935e-09,2.618586e-06,5.135997e-11,6.348228e-06,8.240745e-01
5.527812e+02,1.140613e-04,6.500192e-12,1.383336e-11,1.751071e-01,2.416011e-09,1.702292e-02,2.499204e-06,1.334367e-06,4.641275e-32,1.069822e-22,7.580905e-14,5.838377e-15,8.932023e-07,1.220641e-01,6.063476e-03,1.191468e-02,6.210503e-12,2.433821e-04,5.437368e-14,1.195201e-07,1.625698e-05,1.477830e-19,3.951229e-06,7.662975e-14,1.200651e-04,2.727940e-10,2.160005e-04,7.076079e-13,3.372981e-05,1.073071e-08,8.854388e-21,7.427708e-16,4.839062e-13,2.156945e-10,4.857430e-18,3.955451e-08,2.871822e-08,5.239006e-08,3.168881e-13,1.227803e-21,8.902101e-09,1.619989e-14,3.772295e-23,5.069117e-10,1.141585e-11,4.116903e-09,2.392749e-13,6.670669e-01,1.000000e-60,1.968406e-09,2.467370e-06,3.515408e-11,5.981493e-06,8.342336e-01
5.372652e+02,1.070069e-04,4.476927e-12,1.247094e-11,1.764284e-01,2.257675e-09,1.597017e-02,2.342780e-06,1.255292e-06,2.566572e-30,6.159031e-23,6.403386e-14,4.889518e-15,7.985488e-07,1.241839e-01,5.688478e-03,1.117781e-02,5.268462e-12,2.284108e-04,4.546697e-14,1.136780e-07,1.525303e-05,8.252158e-20,3.706861e-06,5.802662e-14,1.126400e-04,2.394430e-10,2.026750e-04,5.970769e-13,3.164361e-05,1.006706e-08,6.918276e-21,5.678262e-16,4.536883e-13,2.023550e-10,2.794282e-18,3.687845e-08,2.729438e-08,4.914994e-08,2.959684e-13,7.400369e-22,8.351540e-09,1.535620e-14,2.351834e-23,4.755612e-10,1.070982e-11,3.862288e-09,2.242319e-13,6.658373e-01,1.000000e-60,1.803978e-09,2.314770e-06,2.394659e-11,5.611423e-06,8.444856e-01
5.215508e+02,9.988590e-05,3.094031e-12,1.138610e-11,1.777622e-01,2.105761e-09,1.490746e-02,2.185257e-06,1.175083e-06,4.117909e-32,3.535898e-23,5.375624e-14,4.063761e-15,7.105066e-07,1.263238e-01,5.309932e-03,1.043396e-02,4.451645e-12,2.132840e-04,3.806726e-14,1.071484e-07,1.423913e-05,4.436310e-20,3.460181e-06,4.340764e-14,1.051446e-04,2.100309e-10,1.892169e-04,4.993301e-13,2.953771e-05,9.397123e-09,5.434956e-21,4.258257e-16,4.233022e-13,1.888891e-10,1.591077e-18,3.420930e-08,2.580767e-08,4.587917e-08,2.752871e-13,4.309025e-22,7.795772e-09,1.446169e-14,1.466156e-23,4.439142e-10,9.997115e-12,3.605266e-09,2.091112e-13,6.645962e-01,1.000000e-60,1.640605e-09,2.160728e-06,1.625981e-11,5.237872e-06,8.548346e-01
5.056263e+02,9.269532e-05,2.142127e-12,1.047729e-11,1.791091e-01,1.958887e-09,1.383435e-02,2.026577e-06,1.093688e-06,1.087019e-30,2.017297e-23,4.477719e-14,3.345668e-15,6.286308e-07,1.284846e-01,4.927687e-03,9.682852e-03,3.739245e-12,1.979959e-04,3.181183e-14,9.997004e-08,1.321497e-05,2.283969e-20,3.211092e-06,3.199926e-14,9.757583e-05,1.838204e-10,1.756214e-04,4.130733e-13,2.741127e-05,8.720645e-09,4.281790e-21,3.123137e-16,3.927077e-13,1.752916e-10,8.937545e-19,3.154659e-08,2.425658e-08,4.257644e-08,2.547521e-13,2.411761e-22,7.234574e-09,1.352203e-14,9.109239e-24,4.119580e-10,9.277447e-12,3.345732e-09,1.938947e-13,6.633429e-01,1.000000e-60,1.479885e-09,2.005181e-06,1.100504e-11,4.860690e-06,8.652847e-01
4.894795e+02,8.543220e-05,1.480572e-12,9.671216e-12,1.804696e-01,1.815574e-09,1.275040e-02,1.866682e-06,1.011048e-06,1.847310e-30,1.137164e-23,3.692845e-14,2.722132e-15,5.525097e-07,1.306672e-01,4.541585e-03,8.924161e-03,3.114855e-12,1.825409e-04,2.644891e-14,9.218426e-08,1.218019e-05,1.118917e-20,2.959489e-06,2.317461e-14,8.993063e-05,1.602180e-10,1.618830e-04,3.372032e-13,2.526339e-05,8.037343e-09,3.372742e-21,2.231903e-16,3.618690e-13,1.615568e-10,4.925801e-19,2.888987e-08,2.263947e-08,3.924040e-08,2.342818e-13,1.289696e-22,6.667714e-09,1.254214e-14,5.608780e-24,3.796794e-10,8.550519e-12,3.083579e-09,1.785669e-13,6.620769e-01,1.000000e-60,1.323092e-09,1.848065e-06,7.408704e-12,4.479722e-06,8.758402e-01
4.730976e+02,7.809349e-05,1.016579e-12,8.914232e-12,1.818442e-01,1.674192e-09,1.165517e-02,1.705509e-06,9.271036e-07,1.000000e-60,6.284164e-24,3.006808e-14,2.182056e-15,4.817616e-07,1.328725e-01,4.151463e-03,8.157570e-03,2.565536e-12,1.669125e-04,2.180121e-14,8.383701e-08,1.113440e-05,5.175436e-21,2.705266e-06,1.642437e-14,8.220577e-05,1.387439e-10,1.479964e-04,2.707749e-13,2.309318e-05,7.346928e-09,2.647536e-21,1.546910e-16,3.307541e-13,1.476790e-10,2.644327e-19,2.623870e-08,2.095460e-08,3.586962e-08,2.138056e-13,6.540344e-23,6.094952e-09,1.152624e-14,3.396084e-24,3.470647e-10,7.816023e-12,2.818698e-09,1.631142e-13,6.607978e-01,1.000000e-60,1.171212e-09,1.689314e-06,4.939102e-12,4.094807e-06,8.865056e-01
4.564678e+02,7.067596e-05,6.892119e-13,8.166747e-12,1.832337e-01,1.532886e-09,1.054816e-02,1.542987e-06,8.417857e-07,1.105385e-31,3.370614e-24,2.407736e-14,1.716112e-15,4.160323e-07,1.351015e-01,3.757150e-03,7.382747e-03,2.081110e-12,1.511046e-04,1.774130e-14,7.498301e-08,1.007720e-05,2.238212e-21,2.448314e-06,1.133348e-14,7.439789e-05,1.190063e-10,1.339558e-04,2.129800e-13,2.089968e-05,6.649098e-09,2.063759e-21,1.033700e-16,2.993337e-13,1.336521e-10,1.370571e-19,2.359267e-08,1.920011e-08,3.246264e-08,1.932636e-13,3.116168e-23,5.516039e-09,1.047794e-14,2.002262e-24,3.140997e-10,7.073639e-12,2.550971e-09,1.475246e-13,6.595050e-01,1.000000e-60,1.024980e-09,1.528858e-06,3.239146e-12,3.705778e-06,8.972856e-01
4.395769e+02,6.317631e-05,4.580438e-13,7.399771e-12,1.846385e-01,1.389502e-09,9.428889e-03,1.379040e-06,7.550209e-07,1.000000e-60,1.732523e-24,1.885865e-14,1.316553e-15,3.549921e-07,1.373552e-01,3.358470e-03,6.599342e-03,1.653663e-12,1.351103e-04,1.417612e-14,6.569146e-08,9.008145e-06,8.938522e-22,2.188516e-06,7.562690e-15,6.650347e-05,1.006836e-10,1.197552e-04,1.631334e-13,1.868190e-05,5.943542e-09,1.591240e-21,6.609013e-17,2.675817e-13,1.194698e-10,6.786452e-20,2.095138e-08,1.737400e-08,2.901793e-08,1.726051e-13,1.378358e-23,4.930716e-09,9.400348e-15,1.135012e-24,2.807696e-10,6.323034e-12,2.280280e-09,1.317877e-13,6.581978e-01,1.000000e-60,8.849173e-10,1.366626e-06,2.071253e-12,3.312461e-06,9.081849e-01
4.224113e+02,5.559104e-05,2.956605e-13,6.593090e-12,1.860594e-01,1.241495e-09,8.296830e-03,1.213573e-06,6.667281e-07,3.811378e-33,8.389252e-25,1.433441e-14,9.770830e-16,2.983313e-07,1.396347e-01,2.955237e-03,5.806993e-03,1.277244e-12,1.189225e-04,1.103776e-14,5.605397e-08,7.926779e-06,3.243218e-22,1.925752e-06,4.834014e-15,5.851887e-05,8.351576e-11,1.053883e-04,1.206642e-13,1.643882e-05,5.229930e-09,1.208110e-21,4.001764e-17,2.354739e-13,1.051257e-10,3.168107e-20,1.831443e-08,1.547415e-08,2.553389e-08,1.517885e-13,5.571839e-24,4.338709e-09,8.296078e-15,6.081367e-25,2.470591e-10,5.563859e-12,2.006498e-09,1.158938e-13,6.568757e-01,1.000000e-60,7.513595e-10,1.202542e-06,1.276320e-12,2.914674e-06,9.192087e-01
4.049573e+02,4.791651e-05,1.829744e-13,5.734580e-12,1.874970e-01,1.085866e-09,7.151443e-03,1.046469e-06,5.768180e-07,3.152106e-34,3.733021e-25,1.044725e-14,6.927722e-16,2.457537e-07,1.419409e-01,2.547259e-03,5.005320e-03,9.477520e-13,1.025337e-04,8.279101e-15,4.619520e-08,6.832603e-06,1.045769e-22,1.659896e-06,2.919086e-15,5.044026e-05,6.730685e-11,9.084833e-05,8.511079e-14,1.416936e-05,4.507921e-09,8.980321e-22,2.262277e-17,2.029878e-13,9.061271e-11,1.369799e-20,1.568141e-08,1.349835e-08,2.200885e-08,1.307790e-13,2.014695e-24,3.739736e-09,7.167350e-15,3.004266e-25,2.129518e-10,4.795750e-12,1.729495e-09,9.983404e-14,6.555381e-01,1.000000e-60,6.244838e-10,1.036527e-06,7.455985e-13,2.512229e-06,9.303622e-01
3.872015e+02,4.014890e-05,1.064095e-13,4.820282e-12,1.889521e-01,9.192054e-10,5.992157e-03,8.775741e-07,4.851918e-07,4.104364e-33,1.468172e-25,7.161544e-15,4.600182e-16,1.969726e-07,1.442752e-01,2.134331e-03,4.193922e-03,6.630468e-13,8.593596e-05,5.873106e-15,3.628753e-08,5.725088e-06,2.903597e-23,1.390815e-06,1.630012e-15,4.226362e-05,5.194571e-11,7.612844e-05,5.611705e-14,1.187239e-05,3.777155e-09,6.483616e-22,1.169296e-17,1.701024e-13,7.592372e-11,5.344802e-21,1.305185e-08,1.144430e-08,1.844106e-08,1.095484e-13,6.318381e-25,3.133498e-09,6.016024e-15,1.316031e-25,1.784308e-10,4.018325e-12,1.449131e-09,8.360004e-14,6.541842e-01,1.000000e-60,5.043320e-10,8.684980e-07,4.028242e-13,2.104924e-06,9.416510e-01
3.691304e+02,3.228418e-05,5.619012e-14,3.855022e-12,1.904254e-01,7.380371e-10,4.818372e-03,7.066870e-07,3.917390e-07,1.000000e-60,4.775029e-26,4.466032e-15,2.764878e-16,1.517081e-07,1.466386e-01,1.716241e-03,3.372381e-03,4.232757e-13,6.912095e-05,3.815712e-15,2.657281e-08,4.603676e-06,6.613349e-24,1.118370e-06,8.119791e-16,3.398471e-05,3.745226e-11,6.122118e-05,3.342402e-14,9.546706e-06,3.037253e-09,4.489191e-22,5.348133e-18,1.367977e-13,6.105111e-11,1.805315e-21,1.042526e-08,9.309630e-09,1.482867e-08,8.807318e-14,1.638719e-25,2.519682e-09,4.843644e-15,4.782049e-26,1.434782e-10,3.231181e-12,1.165263e-09,6.718347e-14,6.528134e-01,1.000000e-60,3.908368e-10,6.983690e-07,1.931577e-13,1.692550e-06,9.530809e-01
3.507314e+02,2.431827e-05,2.522340e-14,2.853692e-12,1.919176e-01,5.399949e-10,3.629477e-03,5.335318e-07,2.963385e-07,4.100063e-34,1.130739e-26,2.375496e-15,1.408858e-16,1.096690e-07,1.490325e-01,1.292770e-03,2.540268e-03,2.313551e-13,5.207995e-05,2.131952e-15,1.739611e-08,3.467790e-06,1.136780e-24,8.424192e-07,3.372343e-16,2.559924e-05,2.406233e-11,4.611903e-05,1.684147e-14,7.191108e-06,2.287830e-09,2.910786e-22,2.044597e-18,1.030551e-13,4.598712e-11,4.897110e-22,7.800999e-09,7.092100e-09,1.116979e-08,6.633388e-14,3.236896e-26,1.897966e-09,3.651504e-15,1.268704e-26,1.080759e-10,2.433907e-12,8.777417e-10,5.057624e-14,6.514249e-01,1.000000e-60,2.838212e-10,5.260509e-07,7.610033e-14,1.274894e-06,9.646579e-01
3.320101e+02,1.625421e-05,8.280629e-15,1.843993e-12,1.934283e-01,3.276609e-10,2.425930e-03,3.578711e-07,1.989495e-07,1.181731e-32,1.459974e-27,9.289901e-16,5.239370e-17,7.055724e-08,1.514558e-01,8.640820e-04,1.697903e-03,9.340815e-14,3.481952e-05,8.846379e-16,9.268661e-09,2.317877e-06,1.242523e-25,5.630691e-07,1.002757e-16,1.711043e-05,1.238395e-11,3.082804e-05,6.178449e-15,4.806499e-06,1.529175e-09,1.673443e-22,5.790685e-19,6.888764e-14,3.073757e-11,9.077872e-23,5.180407e-09,4.792062e-09,7.465834e-09,4.433378e-14,4.107135e-27,1.268592e-09,2.441752e-15,1.839411e-27,7.223742e-11,1.626812e-12,5.866784e-10,3.378515e-14,6.500194e-01,1.000000e-60,1.830595e-10,3.516100e-07,2.077414e-14,8.521146e-07,9.763775e-01
3.130564e+02,8.130324e-06,1.228428e-15,8.720484e-13,1.949501e-01,1.209511e-10,1.213447e-03,1.800125e-07,9.996176e-08,1.000000e-60,4.123642e-29,1.654696e-16,8.790051e-18,3.414206e-08,1.538972e-01,4.322122e-04,8.492878e-04,1.725260e-14,1.742153e-05,1.690117e-16,3.002160e-09,1.159405e-06,5.225957e-27,2.816460e-07,1.316377e-17,8.558611e-06,3.660842e-12,1.542114e-05,1.019412e-15,2.404199e-06,7.648901e-10,7.168567e-23,8.474600e-20,3.445943e-14,1.537487e-11,7.028612e-24,2.575340e-09,2.421339e-09,3.734395e-09,2.217447e-14,2.026889e-28,6.345469e-10,1.221563e-15,5.841301e-29,3.613301e-11,8.137281e-13,2.934553e-10,1.688989e-14,6.486034e-01,1.000000e-60,8.854966e-11,1.758746e-07,2.373697e-15,4.262189e-07,9.881841e-01
2.940000e+02,1.000000e-60,1.000000e-60,1.000000e-60,1.964732e-01,1.000000e-60,1.000000e-60,1.000000e-60,1.000000e-60,1.000000e-60,1.000000e-60,1.000000e-60,1.000000e-60,1.000000e-60,1.563405e-01,1.000000e-60,1.000000e-60,1.000000e-60,1.000000e-60,1.000000e-60,1.000000e-60,1.000000e-60,1.000000e-60,1.000000e-60,1.000000e-60,1.000000e-60,1.000000e-60,1.000000e-60,1.000000e-60,1.000000e-60,1.000000e-60,1.000000e-60,1.000000e-60,1.000000e-60,1.000000e-60,1.000000e-60,1.000000e-60,1.000000e-60,1.000000e-60,1.000000e-60,1.000000e-60,1.000000e-60,1.000000e-60,1.000000e-60,1.000000e-60,1.000000e-60,1.000000e-60,1.000000e-60,6.471863e-01,1.000000e-60,1.000000e-60,1.000000e-60,1.000000e-60,1.000000e-60,1.000000e+00
